Connected!
print extradionario!!!!
0.462731,0.966667,0.19697,0.121689,0.271318,0.387523,0.76378,0.8540.35968,0.25,0.090909,0.04796,0.223514,0.126739,0.901575,0.909449,0.535433,0.201171,0,0,1,0,0,0,0,0,0,0,0,0,0,0,1,0,0,0,0,0,0,0,0,0,0,0,0,0,0,0,0,0,0,0,0,0,0,0,0,0,0,0,0,0,60.36018,0.513889,0.075758,0.04796,0.226098,0.103695,0.870079,0.96063,0.622047,0.176077,0,0,1,0,0,0,0,0,0,0,0,0,0,0,1,0,0,0,0,0,0,0,0,0,0,0,0,0,0,0,0,0,0,0,0,0,0,0,0,0,0,0,0,0,3
java.lang.NumberFormatException: multiple points
print extradionario!!!!
0.5740.706853,0.258333,0.075758,0.198282,0.241602,0.864128,0.893701,0.917323,0.551181,0.054371,1,0,0,0,0,0,0,0,0,0,0,0,0,0,0,0,0,0,0,0,0,0,0,0,0,1,0,0,0,0,0,0,0,0,0,0,0,0,0,0,0,0,0,0,1
java.lang.NumberFormatException: multiple points
print extradionario!!!!
0.544272,0.169444,0.30303,0.110.704852,0.358333,0.136364,0,0.223514,0.795981,0.925197,0.925197,0.511811,0.10665,1,0,0,0,0,0,0,0,0,0,0,0,0,0,0,0,0,0,0,0,0,0,0,0,0,0,0,0,0,0,0,0,0,0,0,0,0,0,0,0,0,1,0,0,10.704852,0.375,0.030303,0,0.223514,0.792609,0.877953,0.937008,0.594488,0.109717,1,0,0,0,0,0,0,0,0,0,0,0,0,0,0,0,0,0,0,0,0,0,0,0,0,0,0,0,0,0,0,0,0,0,0,0,0,0,0,0,0,1,0,0,1
java.lang.NumberFormatException: multiple points
print extradionario!!!!
0.716358,0.175,0.015152,0.085898,0.25323,0.810173,0.866142,0.929134,0.602360.594797,0.611111,0.257576,0.257695,0.200258,0.197977,0.775591,1,0.740157,0.156559,1,0,0,0,0,0,0,0,0,0,0,0,0,0,0,0,0,0,0,0,0,0,0,0,0,0,0,0,0,0,0,0,1,0,0,0,0,0,0,0,0,0,0,0,20.598299,0.591667,0.272727,0.257695,0.209302,0.194183,0.791339,1,0.720472,0.153213,1,0,0,0,0,0,0,0,0,0,0,0,0,0,0,0,0,0,0,0,0,0,0,0,0,0,0,0,0,0,0,0,1,0,0,0,0,0,0,0,0,0,0,0,2
java.lang.NumberFormatException: multiple points
print extradionario!!!!
0.509755,0.888889,0.227273,0,0.223514,0.0.624812,0.75,0.151515,0.211167,0.310078,0.201349,0.759843,0.96063,0.748031,0.174543,0,0,1,0,0,0,0,0,0,0,0,0,0,0,0,0,0,0,0,0,0,0,0,0,0,0,1,0,0,0,0,0,0,0,0,0,0,0,0,0,0,0,0,0,10.624812,0.75,0.015152,0.221188,0.310078,0.197415,0.850394,0.937008,0.629921,0.171616,0,0,1,0,0,0,0,0,0,0,0,0,0,0,0,0,0,0,0,0,0,0,0,0,0,0,1,0,0,0,0,0,0,0,0,0,0,0,0,0,0,0,0,0,1
java.lang.NumberFormatException: multiple points
print extradionario!!!!
0.633317,0.625,0.075758,0.0.718859,0.561111,0.257576,0.171797,0.25969,0.456934,0.826772,0.996063,0.681102,0.082392,0,0,1,0,0,0,0,0,0,0,0,0,0,0,0,0,0,0,0,0,0,0,0,0,0,0,0,0,0,0,0,0,0,0,0,0,1,0,0,0,0,0,0,0,10.718859,0.508333,0.212121,0.150322,0.25969,0.460306,0.877953,0.980315,0.610236,0.086156,0,0,1,0,0,0,0,0,0,0,0,0,0,0,0,0,0,0,0,0,0,0,0,0,0,0,0,0,0,0,0,0,0,0,0,0,1,0,0,0,0,0,0,0,1
java.lang.NumberFormatException: multiple points
print extradionario!!!!
0.69935,0.347220.58029,0.3,0.19697,0.365068,0.290698,0.376985,0.952756,0.88189,0.429134,0.366653,0,0,1,0,0,0,0,0,0,0,0,0,0,0,0,0,0,0,0,0,0,0,0,0,0,0,0,0,0,1,0,0,0,0,0,0,0,0,0,0,0,0,0,0,20.577289,0.313889,0.19697,0.365068,0.282946,0.378952,0.948819,0.893701,0.444882,0.362889,0,0,1,0,0,0,0,0,0,0,0,0,0,0,0,0,0,0,0,0,0,0,0,0,0,0,0,0,0,1,0,0,0,0,0,0,0,0,0,0,0,0,0,0,2
java.lang.NumberFormatException: multiple points
print extradionario!!!!
0.554777,0.363889,0.19690.681341,0.491667,0.151515,0.2398,0.250646,0.453983,0.885827,0.968504,0.602362,0.055765,0,0,1,0,0,0,0,0,0,0,0,0,0,0,0,0,0,0,0,0,0,0,0,0,0,1,0,0,0,0,0,0,0,0,0,0,0,0,0,0,0,0,0,0,20.681841,0.527778,0.181818,0.258411,0.251938,0.457215,0.866142,0.980315,0.633858,0.059947,0,0,1,0,0,0,0,0,0,0,0,0,0,0,0,0,0,0,0,0,0,0,0,0,0,1,0,0,0,0,0,0,0,0,0,0,0,0,0,0,0,0,0,0,2
java.lang.NumberFormatException: multiple points
print extradionario!!!!
0.363682,0.436111,0.181818,0.151754,0.284238,0.176479,0.917323,0.95270.66033,0.058333,0.106061,0,0.223514,0.248981,0.846457,0.88189,0.574803,0.069009,1,0,0,0,0,0,0,0,0,0,0,0,0,0,0,0,0,0,0,0,0,0,0,0,0,0,1,0,0,0,0,0,0,0,0,0,0,0,0,0,0,0,0,0,10.66033,0.005556,0.106061,0,0.223514,0.247014,0.826772,0.889764,0.606299,0.064966,1,0,0,0,0,0,0,0,0,0,0,0,0,0,0,0,0,0,0,0,0,0,0,0,0,0,1,0,0,0,0,0,0,0,0,0,0,0,0,0,0,0,0,0,1
java.lang.NumberFormatException: multiple points
print extradionario!!!!
0.406703,0.352778,0.439394,0.14388,0.338501,0.267669,0.990.641821,0.697222,0.409091,0.19184,0.366925,0.340593,0.598425,0.972441,0.885827,0.219016,0,0,1,0,0,0,0,0,0,0,0,0,0,0,0,0,0,0,0,0,0,0,0,0,0,0,0,0,0,0,0,0,0,0,0,0,1,0,0,0,0,0,0,0,10.648324,0.7,0.424242,0.211167,0.383721,0.337221,0.570866,0.964567,0.901575,0.22264,0,0,1,0,0,0,0,0,0,0,0,0,0,0,0,0,0,0,0,0,0,0,0,0,0,0,0,0,0,0,0,0,0,0,0,0,1,0,0,0,0,0,0,0,1
java.lang.NumberFormatException: multiple points
BYTES READ -1
learning evaluation instances,Wall Time (Actual Time),Avg Delay (ms),outRate (inst/s),classified instances,classifications correct (percent),Kappa Statistic (percent),Kappa Temporal Statistic (percent),Kappa M Statistic (percent),F1 Score (percent),F1 Score for class 0 (percent),F1 Score for class 1 (percent),F1 Score for class 2 (percent),F1 Score for class 3 (percent),F1 Score for class 4 (percent),F1 Score for class 5 (percent),F1 Score for class 6 (percent),Precision (percent),Precision for class 0 (percent),Precision for class 1 (percent),Precision for class 2 (percent),Precision for class 3 (percent),Precision for class 4 (percent),Precision for class 5 (percent),Precision for class 6 (percent),Recall (percent),Recall for class 0 (percent),Recall for class 1 (percent),Recall for class 2 (percent),Recall for class 3 (percent),Recall for class 4 (percent),Recall for class 5 (percent),Recall for class 6 (percent),model training instances,model serialized size (bytes),ensemble size,change detections,[avg] model training instances,[err] model training instances,[avg] model serialized size (bytes),[err] model serialized size (bytes),[avg] tree size (nodes),[err] tree size (nodes),[avg] tree size (leaves),[err] tree size (leaves),[avg] active learning leaves,[err] active learning leaves,[avg] tree depth,[err] tree depth,[avg] active leaf byte size estimate,[err] active leaf byte size estimate,[avg] inactive leaf byte size estimate,[err] inactive leaf byte size estimate,[avg] byte size estimate overhead,[err] byte size estimate overhead
9001.0,26.097000122070312,1258.0,344.9055480957031,9000.0,83.66666666666667,74.50299485741016,-85.60606060606068,70.99447513812154,?,25.806451612903224,87.74032459425719,82.17667844522968,82.8719723183391,?,54.57809694793537,80.14616321559073,?,20.0,86.02203182374541,85.04973668812171,82.58620689655173,?,47.05882352941176,78.33333333333333,?,36.36363636363637,89.52866242038216,79.49138638228057,83.15972222222221,?,64.95726495726495,82.04488778054862,0.0,1.0,25.0,16.0,40335.759999999995,18811.36605725379,1.0,0.0,12.080000000000002,7.094129028053174,6.5200000000000005,3.583759664560855,6.5200000000000005,3.583759664560855,3.56,1.8726095873584185,0.0,0.0,0.0,0.0,1.0,0.0
