Connected!
print extradionario!!!!
0.530265,0.655556,0.106061,0.250537,0.244186,0.76850.492246,0.147222,0.348485,0.167502,0.260982,0.161023,0.889764,0.724409,0.318898,0.094382,0,0,1,0,0,0,0,0,0,0,0,0,0,0,0,0,0,0,0,0,0,0,0,0,0,0,0,0,0,0,0,0,0,0,0,0,1,0,0,0,0,0,0,0,20.690345,0.016667,0.151515,0.211167,0.276486,0.432345,0.818898,0.874016,0.590551,0.205075,0,0,1,0,0,0,0,0,0,0,0,0,0,0,0,0,0,0,0,0,0,0,0,0,0,0,1,0,0,0,0,0,0,0,0,0,0,0,0,0,0,0,0,0,1
java.lang.NumberFormatException: multiple points
print extradionario!!!!
0.611806,0.763889,0.166667,0.423765,0.437984,0.457777,0.744094,0.956693,0.7598430.35968,0.25,0.090909,0.04796,0.223514,0.126739,0.901575,0.909449,0.535433,0.201171,0,0,1,0,0,0,0,0,0,0,0,0,0,0,1,0,0,0,0,0,0,0,0,0,0,0,0,0,0,0,0,0,0,0,0,0,0,0,0,0,0,0,0,0,60.36018,0.513889,0.075758,0.04796,0.226098,0.103695,0.870079,0.96063,0.622047,0.176077,0,0,1,0,0,0,0,0,0,0,0,0,0,0,1,0,0,0,0,0,0,0,0,0,0,0,0,0,0,0,0,0,0,0,0,0,0,0,0,0,0,0,0,0,3
java.lang.NumberFormatException: multiple points
print extradionario!!!!
0.293647,0.16940.293647,0.063889,0.378788,0.021475,0.228682,0.101869,0.771654,0.692913,0.417323,0.204656,0,0,1,0,0,0,0,0,0,0,0,0,0,1,0,0,0,0,0,0,0,0,0,0,0,0,0,0,0,0,0,0,0,0,0,0,0,0,0,0,0,0,0,0,60.408204,0.172222,0.151515,0.23121,0.264858,0.142616,0.901575,0.858268,0.476378,0.143036,0,0,1,0,0,0,0,0,0,0,0,0,0,0,1,0,0,0,0,0,0,0,0,0,0,0,0,0,0,0,0,0,0,0,0,0,0,0,0,0,0,0,0,0,3
java.lang.NumberFormatException: multiple points
print extradionario!!!!
0.330165,0.119444,0.0.357179,0.405556,0.424242,0.215462,0.189922,0.059154,0.964567,0.877953,0.34252,0.155026,0,0,1,0,0,0,0,1,0,0,0,0,0,0,0,0,0,0,0,0,0,0,0,0,0,0,0,0,0,0,0,0,0,0,0,0,0,0,0,0,0,0,0,0,30.345673,0.383333,0.469697,0.224052,0.160207,0.058733,0.976378,0.830709,0.259843,0.155583,0,0,1,0,0,0,0,1,0,0,0,0,0,0,0,0,0,0,0,0,0,0,0,0,0,0,0,0,0,0,0,0,0,0,0,0,0,0,0,0,0,0,0,0,3
java.lang.NumberFormatException: multiple points
print extradionario!!!!
0.331166,0.713889,0.0.436718,0.325,0.530303,0.04796,0.26615,0.472671,1,0.732283,0.110236,0.8341,1,0,0,0,0,0,0,0,0,0,0,0,0,0,0,0,0,0,0,0,0,0,0,0,0,0,0,0,0,0,0,0,0,1,0,0,0,0,0,0,0,0,0,0,50.45973,0.05,0.166667,0.163207,0.342377,0.423353,0.830709,0.854331,0.559055,0.884428,1,0,0,0,0,0,0,0,0,0,0,0,0,0,0,0,0,0,0,0,0,0,0,0,0,0,0,0,0,0,0,0,1,0,0,0,0,0,0,0,0,0,0,0,1
java.lang.NumberFormatException: multiple points
print extradionario!!!!
0.441721,0.155556,0.045455,0.07730.377689,0.197222,0.212121,0.258411,0.329457,0.139104,0.925197,0.830709,0.409449,0.508156,1,0,0,0,0,0,0,0,0,0,0,0,0,0,0,0,0,0,0,0,0,0,0,0,0,0,0,0,0,0,0,0,1,0,0,0,0,0,0,0,0,0,0,0,20.425213,0.288889,0.030303,0.151754,0.223514,0.279753,0.874016,0.929134,0.590551,0.594451,1,0,0,0,0,0,0,0,0,0,0,0,0,0,0,1,0,0,0,0,0,0,0,0,0,0,0,0,0,0,0,0,0,0,0,0,0,0,0,0,0,0,0,0,2
java.lang.NumberFormatException: multiple points
print extradionario!!!!
0.407204,0.130556,0.136364,0.20.46073,0.494444,0.212121,0.121689,0.248062,0.412112,0.885827,0.972441,0.594488,0.309494,1,0,0,0,0,0,0,0,0,0,0,0,0,0,0,1,0,0,0,0,0,0,0,0,0,0,0,0,0,0,0,0,0,0,0,0,0,0,0,0,0,0,0,0,20.472236,0.316667,0.242424,0.021475,0.213178,0.451876,0.968504,0.874016,0.389764,0.368326,1,0,0,0,0,0,0,0,0,0,0,0,0,0,0,0,0,0,0,0,0,0,0,1,0,0,0,0,0,0,0,0,0,0,0,0,0,0,0,0,0,0,0,0,2
java.lang.NumberFormatException: multiple points
print extradionario!!!!
0.344672,0.180556,0.060606,0.077309,0.22739,0.060.618809,0.391667,0.181818,0.09592,0.260982,0.455529,0.937008,0.933071,0.5,0.420187,1,0,0,0,0,0,0,0,0,0,0,0,0,0,0,0,0,0,0,0,0,0,0,0,0,0,0,0,0,0,0,0,0,1,0,0,0,0,0,0,0,0,0,0,10.612306,0.355556,0.227273,0.077309,0.273902,0.463397,0.96063,0.901575,0.433071,0.41238,1,0,0,0,0,0,0,0,0,0,0,0,0,0,0,0,0,0,0,0,0,0,0,0,0,0,0,0,0,0,0,0,0,1,0,0,0,0,0,0,0,0,0,0,1
java.lang.NumberFormatException: multiple points
BYTES READ -1
learning evaluation instances,Wall Time (Actual Time),Avg Delay (ms),outRate (inst/s),classified instances,classifications correct (percent),Kappa Statistic (percent),Kappa Temporal Statistic (percent),Kappa M Statistic (percent),F1 Score (percent),F1 Score for class 0 (percent),F1 Score for class 1 (percent),F1 Score for class 2 (percent),F1 Score for class 3 (percent),F1 Score for class 4 (percent),F1 Score for class 5 (percent),F1 Score for class 6 (percent),Precision (percent),Precision for class 0 (percent),Precision for class 1 (percent),Precision for class 2 (percent),Precision for class 3 (percent),Precision for class 4 (percent),Precision for class 5 (percent),Precision for class 6 (percent),Recall (percent),Recall for class 0 (percent),Recall for class 1 (percent),Recall for class 2 (percent),Recall for class 3 (percent),Recall for class 4 (percent),Recall for class 5 (percent),Recall for class 6 (percent),model training instances,model serialized size (bytes),ensemble size,[avg] model training instances,[err] model training instances,[avg] model serialized size (bytes),[err] model serialized size (bytes),[avg] tree size (nodes),[err] tree size (nodes),[avg] tree size (leaves),[err] tree size (leaves),[avg] active learning leaves,[err] active learning leaves,[avg] tree depth,[err] tree depth,[avg] active leaf byte size estimate,[err] active leaf byte size estimate,[avg] inactive leaf byte size estimate,[err] inactive leaf byte size estimate,[avg] byte size estimate overhead,[err] byte size estimate overhead
8001.0,11.815999984741211,694.0,677.1326904296875,8000.0,71.1625,46.840712064859844,-56.72554347826085,28.041172800998126,52.33061536684007,?,29.485179407176286,83.0274793191975,64.24581005586593,63.095238095238095,56.27240143369177,60.95551894563427,57.87302577835474,0.0,38.88888888888889,76.26200873362446,64.06685236768801,91.37931034482759,74.05660377358491,60.45751633986928,47.75700104079878,0.0,23.743718592964825,91.110183639399,64.42577030812325,48.18181818181818,45.3757225433526,61.461794019933556,0.0,1.0,25.0,4616.84,3469.6812495290305,1.0,0.0,2.4800000000000004,2.311565126344775,1.5200000000000002,1.2622730819174326,1.5200000000000002,1.2622730819174326,0.7200000000000001,1.0614455552060438,0.0,0.0,0.0,0.0,1.0,0.0
