Connected!
print extradionario!!!!
0.450725,0.172222,0.075758,0.391553,0.3080.215608,0.330556,0.515152,0.09592,0.302326,0.143881,1,0.744094,0.125984,0.1185,0,0,0,1,0,0,0,0,0,1,0,0,0,0,0,0,0,0,0,0,0,0,0,0,0,0,0,0,0,0,0,0,0,0,0,0,0,0,0,0,0,0,0,0,30.197599,0.336111,0.515152,0.077309,0.295866,0.13545,1,0.751969,0.137795,0.124216,0,0,0,1,0,0,0,0,0,1,0,0,0,0,0,0,0,0,0,0,0,0,0,0,0,0,0,0,0,0,0,0,0,0,0,0,0,0,0,0,0,0,0,0,3
java.lang.NumberFormatException: multiple points
print extradionario!!!!
0.653327,0.2,0.136364,0.077309,0.213178,0.69903,0.90.608804,0.038889,0.121212,0.077309,0.223514,0.528594,0.838583,0.88189,0.582677,0.133696,1,0,0,0,0,0,0,0,0,0,0,0,0,0,0,0,0,0,0,0,0,0,0,0,0,1,0,0,0,0,0,0,0,0,0,0,0,0,0,0,0,0,0,0,10.608304,0.016667,0.136364,0.090909,0.226098,0.52494,0.826772,0.877953,0.594488,0.129653,1,0,0,0,0,0,0,0,0,0,0,0,0,0,0,0,0,0,0,0,0,0,0,0,0,1,0,0,0,0,0,0,0,0,0,0,0,0,0,0,0,0,0,0,1
java.lang.NumberFormatException: multiple points
print extradionario!!!!
0.606303,0.030.549775,0.375,0.030303,0.085898,0.222222,0.159899,0.877953,0.937008,0.594488,0.308797,1,0,0,0,0,0,0,0,0,0,0,0,0,0,0,0,0,0,0,0,0,0,0,0,0,0,1,0,0,0,0,0,0,0,0,0,0,0,0,0,0,0,0,0,20.549275,0.319444,0.060606,0.107373,0.22093,0.155965,0.893701,0.929134,0.566929,0.31284,1,0,0,0,0,0,0,0,0,0,0,0,0,0,0,0,0,0,0,0,0,0,0,0,0,0,1,0,0,0,0,0,0,0,0,0,0,0,0,0,0,0,0,0,2
java.lang.NumberFormatException: multiple points
print extradionario!!!!
0.536768,0.419444,0.090909,0.0.663832,0.25,0.090909,0.137437,0.23385,0.771111,0.901575,0.909449,0.535433,0.364283,1,0,0,0,0,0,0,0,0,0,0,0,0,0,0,0,0,0,0,0,0,0,0,0,0,0,0,0,0,0,0,0,1,0,0,0,0,0,0,0,0,0,0,0,10.658329,0.905556,0.030303,0,0.223514,0.735844,0.846457,0.933071,0.629921,0.354942,1,0,0,0,0,0,0,0,0,0,0,0,0,0,0,0,0,0,0,0,0,0,1,0,0,0,0,0,0,0,0,0,0,0,0,0,0,0,0,0,0,0,0,0,1
java.lang.NumberFormatException: multiple points
print extradionario!!!!
0.658329,0.175,0.106061,0.085898,0.223514,0.7084450.557279,0.313889,0.106061,0.021475,0.215762,0.354222,0.917323,0.917323,0.519685,0.104838,1,0,0,0,0,0,0,0,0,0,0,0,0,0,0,0,0,0,0,0,0,0,0,0,0,0,0,0,0,0,0,0,1,0,0,0,0,0,0,0,0,0,0,0,10.555778,0.336111,0.015152,0,0.223514,0.35085,0.870079,0.933071,0.598425,0.108462,1,0,0,0,0,0,0,0,0,0,0,0,0,0,0,0,0,0,0,0,0,0,0,1,0,0,0,0,0,0,0,0,0,0,0,0,0,0,0,0,0,0,0,0,1
java.lang.NumberFormatException: multiple points
print extradionario!!!!
0.655328,0.216667,0.181818,0.0.534767,0.394444,0.090909,0.136006,0.222222,0.132359,0.901575,0.940945,0.562992,0.314373,1,0,0,0,0,0,0,0,0,0,0,0,0,0,0,0,0,0,0,0,0,0,0,0,0,0,1,0,0,0,0,0,0,0,0,0,0,0,0,0,0,0,0,0,20.533767,0.430556,0.075758,0.130279,0.219638,0.128144,0.889764,0.944882,0.586614,0.310191,1,0,0,0,0,0,0,0,0,0,0,0,0,0,0,0,0,0,0,0,0,0,0,0,0,0,1,0,0,0,0,0,0,0,0,0,0,0,0,0,0,0,0,0,2
java.lang.NumberFormatException: multiple points
print extradionario!!!!
0.527264,0.3388890.688344,0.25,0.015152,0.456693,0.295866,0.652241,0.866142,0.933071,0.602362,0.36484,1,0,0,0,0,0,0,0,0,0,0,0,0,0,0,0,0,0,0,0,0,0,0,0,0,0,0,0,0,0,0,0,0,0,0,0,0,0,0,0,0,1,0,0,10.688344,0.3,0.015152,0.473157,0.295866,0.656316,0.866142,0.933071,0.606299,0.363028,1,0,0,0,0,0,0,0,0,0,0,0,0,0,0,0,0,0,0,0,0,0,0,0,0,0,0,0,0,0,0,0,0,0,0,0,0,0,0,0,0,1,0,0,1
java.lang.NumberFormatException: multiple points
print extradionario!!!!
0.685343,0.425,0.060606,0.442370.614307,0.005556,0.257576,0.211167,0.25323,0.50274,0.76378,0.811024,0.57874,0.105535,1,0,0,0,0,0,0,0,0,0,0,0,0,0,0,0,0,0,0,0,0,0,0,0,0,1,0,0,0,0,0,0,0,0,0,0,0,0,0,0,0,0,0,0,10.614307,0.002778,0.272727,0.221188,0.254522,0.499227,0.755906,0.80315,0.57874,0.102049,1,0,0,0,0,0,0,0,0,0,0,0,0,0,0,0,0,0,0,0,0,0,0,0,0,1,0,0,0,0,0,0,0,0,0,0,0,0,0,0,0,0,0,0,1
java.lang.NumberFormatException: multiple points
print extradionario!!!!
0.608304,0.963889,0.04540.471236,0.213889,0.393939,0.150322,0.383721,0.029507,0.952756,0.716535,0.216535,0.209815,1,0,0,0,0,0,0,0,0,0,0,0,0,0,0,0,0,0,0,0,0,0,0,0,0,0,0,0,0,0,0,0,1,0,0,0,0,0,0,0,0,0,0,0,50.464232,0.216667,0.424242,0.128848,0.361757,0.025292,0.952756,0.69685,0.181102,0.205632,1,0,0,0,0,0,0,0,0,0,0,0,0,0,0,0,0,0,0,0,0,0,0,0,0,0,0,0,0,0,0,0,1,0,0,0,0,0,0,0,0,0,0,0,5
java.lang.NumberFormatException: multiple points
print extradionario!!!!
0.703852,0.1440.617809,0.986111,0.151515,0.121689,0.235142,0.537165,0.799213,0.874016,0.61811,0.140248,1,0,0,0,0,0,0,0,0,0,0,0,0,0,0,0,0,0,0,0,0,0,0,0,0,0,0,0,0,0,0,0,1,0,0,0,0,0,0,0,0,0,0,0,10.618309,0.961111,0.181818,0.137437,0.239018,0.533511,0.775591,0.870079,0.637795,0.136484,1,0,0,0,0,0,0,0,0,0,0,0,0,0,0,0,0,0,0,0,0,0,0,0,0,0,0,0,0,0,0,0,1,0,0,0,0,0,0,0,0,0,0,0,1
java.lang.NumberFormatException: multiple points
print extradionario!!!!
0.61981,0.008333,0.287879,0.20.515758,0.180556,0.151515,0.193271,0.24031,0.076015,0.905512,0.870079,0.484252,0.255402,1,0,0,0,0,0,0,0,0,0,0,0,0,0,0,0,0,0,0,0,0,0,0,0,0,0,0,0,0,0,0,0,1,0,0,0,0,0,0,0,0,0,0,0,20.513257,0.180556,0.19697,0.193271,0.23385,0.0718,0.913386,0.834646,0.433071,0.25122,1,0,0,0,0,0,0,0,0,0,0,0,0,0,0,0,0,0,0,0,0,0,0,0,0,0,0,0,0,0,0,0,1,0,0,0,0,0,0,0,0,0,0,0,2
java.lang.NumberFormatException: multiple points
print extradionario!!!!
0.488244,0.2,0.2120.61981,0.975,0.090909,0.060845,0.231266,0.557398,0.826772,0.905512,0.625984,0.16102,1,0,0,0,0,0,0,0,0,0,0,0,0,0,0,0,0,0,0,0,0,0,0,0,0,0,0,0,0,0,0,0,1,0,0,0,0,0,0,0,0,0,0,0,10.61981,0.994444,0.106061,0.077309,0.232558,0.553745,0.826772,0.893701,0.614173,0.157117,1,0,0,0,0,0,0,0,0,0,0,0,0,0,0,0,0,0,0,0,0,0,0,0,0,0,0,0,0,0,0,0,1,0,0,0,0,0,0,0,0,0,0,0,1
java.lang.NumberFormatException: multiple points
print extradionario!!!!
0.623312,0.958333,0.212121,0.0.516758,0.169444,0.121212,0.171797,0.242894,0.076296,0.893701,0.877953,0.507874,0.255263,1,0,0,0,0,0,0,0,0,0,0,0,0,0,0,0,0,0,0,0,0,0,0,0,0,1,0,0,0,0,0,0,0,0,0,0,0,0,0,0,0,0,0,0,20.514757,0.169444,0.181818,0.171797,0.237726,0.072221,0.905512,0.846457,0.46063,0.25108,1,0,0,0,0,0,0,0,0,0,0,0,0,0,0,0,0,0,0,0,0,0,0,0,0,0,0,0,0,0,0,0,1,0,0,0,0,0,0,0,0,0,0,0,2
java.lang.NumberFormatException: multiple points
print extradionario!!!!
0.489245,0.2,0.21210.625813,0.186111,0.030303,0.14388,0.242894,0.610932,0.870079,0.925197,0.594488,0.216925,1,0,0,0,0,0,0,0,0,0,0,0,0,0,0,0,0,0,0,0,0,0,0,0,0,1,0,0,0,0,0,0,0,0,0,0,0,0,0,0,0,0,0,0,10.625313,0.169444,0.030303,0.125268,0.229974,0.607278,0.870079,0.92126,0.586614,0.213021,1,0,0,0,0,0,0,0,0,0,0,0,0,0,0,0,0,0,0,0,0,0,0,0,0,1,0,0,0,0,0,0,0,0,0,0,0,0,0,0,0,0,0,0,1
java.lang.NumberFormatException: multiple points
print extradionario!!!!
0.61981,0.125,0.045450.534267,0.219444,0.075758,0.088762,0.222222,0.13545,0.889764,0.909449,0.547244,0.313676,1,0,0,0,0,0,0,0,0,0,0,0,0,0,0,0,0,0,0,0,0,0,0,0,0,0,1,0,0,0,0,0,0,0,0,0,0,0,0,0,0,0,0,0,20.532766,0.233333,0.075758,0.09592,0.22093,0.131235,0.893701,0.909449,0.547244,0.309494,1,0,0,0,0,0,0,0,0,0,0,0,0,0,0,0,0,0,0,0,0,0,0,0,0,0,1,0,0,0,0,0,0,0,0,0,0,0,0,0,0,0,0,0,2
java.lang.NumberFormatException: multiple points
print extradionario!!!!
0.526763,0.238889,0.106061,0.100.628814,0.3,0.075758,0.150322,0.241602,0.627793,0.901575,0.92126,0.543307,0.234072,1,0,0,0,0,0,0,0,0,0,0,0,0,0,0,0,0,0,0,0,0,0,0,0,0,0,1,0,0,0,0,0,0,0,0,0,0,0,0,0,0,0,0,0,10.627814,0.325,0.060606,0.150322,0.239018,0.624139,0.893701,0.929134,0.562992,0.230169,1,0,0,0,0,0,0,0,0,0,0,0,0,0,0,0,0,0,0,0,0,0,0,0,0,1,0,0,0,0,0,0,0,0,0,0,0,0,0,0,0,0,0,0,1
java.lang.NumberFormatException: multiple points
print extradionario!!!!
0.623812,0.225,0.045455,0.060845,0.20.530265,0.319444,0.075758,0.064424,0.228682,0.123367,0.901575,0.925197,0.551181,0.301129,1,0,0,0,0,0,0,0,0,0,0,0,0,0,0,0,0,0,0,0,0,0,0,0,0,0,1,0,0,0,0,0,0,0,0,0,0,0,0,0,0,0,0,0,20.529265,0.391667,0.045455,0.064424,0.226098,0.119292,0.88189,0.937008,0.590551,0.296947,1,0,0,0,0,0,0,0,0,0,0,0,0,0,0,0,0,0,0,0,0,0,0,0,0,0,1,0,0,0,0,0,0,0,0,0,0,0,0,0,0,0,0,0,2
java.lang.NumberFormatException: multiple points
print extradionario!!!!
0.522761,0.319440.636818,0.25,0.075758,0.182534,0.262274,0.652241,0.893701,0.913386,0.547244,0.259306,1,0,0,0,0,0,0,0,0,0,0,0,0,0,0,0,0,0,0,0,0,0,0,0,0,0,1,0,0,0,0,0,0,0,0,0,0,0,0,0,0,0,0,0,10.635318,0.269444,0.060606,0.167502,0.258398,0.648447,0.889764,0.92126,0.562992,0.255263,1,0,0,0,0,0,0,0,0,0,0,0,0,0,0,0,0,0,0,0,0,0,0,0,0,0,1,0,0,0,0,0,0,0,0,0,0,0,0,0,0,0,0,0,1
java.lang.NumberFormatException: multiple points
print extradionario!!!!
0.625813,0.375,0.060606,0.120.558279,0.266667,0.19697,0.077309,0.235142,0.199241,0.948819,0.866142,0.42126,0.283285,1,0,0,0,0,0,0,0,0,0,0,0,0,0,0,0,0,0,0,0,0,0,0,0,0,1,0,0,0,0,0,0,0,0,0,0,0,0,0,0,0,0,0,0,20.555778,0.297222,0.136364,0.068003,0.228682,0.195026,0.929134,0.901575,0.488189,0.287188,1,0,0,0,0,0,0,0,0,0,0,0,0,0,0,0,0,0,0,0,0,0,0,0,0,1,0,0,0,0,0,0,0,0,0,0,0,0,0,0,0,0,0,0,2
java.lang.NumberFormatException: multiple points
print extradionario!!!!
0.546273,0.419440.634317,0.252778,0.212121,0.068003,0.257106,0.656737,0.948819,0.854331,0.401575,0.243552,1,0,0,0,0,0,0,0,0,0,0,0,0,0,0,0,0,0,0,0,0,0,0,0,0,0,1,0,0,0,0,0,0,0,0,0,0,0,0,0,0,0,0,0,10.629815,0.286111,0.227273,0.04796,0.245478,0.653084,0.96063,0.862205,0.393701,0.239509,1,0,0,0,0,0,0,0,0,0,0,0,0,0,0,0,0,0,0,0,0,0,0,0,0,0,1,0,0,0,0,0,0,0,0,0,0,0,0,0,0,0,0,0,1
java.lang.NumberFormatException: multiple points
print extradionario!!!!
0.578289,0.266667,0.0.750875,0.111111,0.242424,0.41446,0.475452,0.491359,0.866142,0.80315,0.448819,0.252614,0,0,1,0,0,0,0,0,0,0,0,0,0,0,0,0,0,0,0,0,0,0,0,0,0,0,0,0,0,0,0,0,0,0,0,0,0,0,0,0,0,0,1,0,70.747874,0.116667,0.257576,0.395132,0.4677,0.490656,0.866142,0.791339,0.437008,0.256796,0,0,1,0,0,0,0,0,0,0,0,0,0,0,0,0,0,0,0,0,0,0,0,0,0,0,0,0,0,0,0,0,0,0,0,0,0,0,0,0,0,0,1,0,7
java.lang.NumberFormatException: multiple points
print extradionario!!!!
0.443722,0.013889,0.166667,0.375805,0.31137,0.0.356178,0.469444,0.287879,0.085898,0.267442,0.230575,0.909449,0.96063,0.535433,0.217622,0,0,1,0,0,0,0,1,0,0,0,0,0,0,0,0,0,0,0,0,0,0,0,0,0,0,0,0,0,0,0,0,0,0,0,0,0,0,0,0,0,0,0,0,30.354677,0.438889,0.287879,0.077309,0.263566,0.227062,0.933071,0.940945,0.492126,0.213439,0,0,1,0,0,0,0,1,0,0,0,0,0,0,0,0,0,0,0,0,0,0,0,0,0,0,0,0,0,0,0,0,0,0,0,0,0,0,0,0,0,0,0,0,3
java.lang.NumberFormatException: multiple points
print extradionario!!!!
0.626813,0.502778,0.333333,0.699356,0.406977,0.454545,0.870.776888,0.75,0.090909,0.775948,0.489664,0.177462,0.807087,0.952756,0.692913,0.267531,0,0,1,0,0,0,0,0,0,0,0,0,0,0,0,0,0,0,0,0,0,0,0,0,0,0,0,0,0,0,0,0,0,0,0,1,0,0,0,0,0,0,0,0,10.777889,0.738889,0.045455,0.770938,0.492248,0.181678,0.830709,0.948819,0.65748,0.263349,0,0,1,0,0,0,0,0,0,0,0,0,0,0,0,0,0,0,0,0,0,0,0,0,0,0,0,0,0,0,0,0,0,0,0,1,0,0,0,0,0,0,0,0,1
java.lang.NumberFormatException: multiple points
print extradionario!!!!
0.664832,0.297222,0.19697,0.34932,0.44832,0.478151,0.90.621311,0.013889,0.318182,0.300644,0.264858,0.195307,0.744094,0.767717,0.547244,0.497839,0,0,1,0,0,0,0,0,0,0,0,0,0,0,0,0,0,0,0,0,0,0,0,0,0,0,0,1,0,0,0,0,0,0,0,0,0,0,0,0,0,0,0,0,10.62081,0.005556,0.318182,0.289191,0.263566,0.191794,0.732283,0.771654,0.562992,0.497839,0,0,1,0,0,0,0,0,0,0,0,0,0,0,0,0,0,0,0,0,0,0,0,0,0,0,0,1,0,0,0,0,0,0,0,0,0,0,0,0,0,0,0,0,1
java.lang.NumberFormatException: multiple points
BYTES READ -1
learning evaluation instances,Wall Time (Actual Time),Avg Delay (ms),outRate (inst/s),classified instances,classifications correct (percent),Kappa Statistic (percent),Kappa Temporal Statistic (percent),Kappa M Statistic (percent),F1 Score (percent),F1 Score for class 0 (percent),F1 Score for class 1 (percent),F1 Score for class 2 (percent),F1 Score for class 3 (percent),F1 Score for class 4 (percent),F1 Score for class 5 (percent),F1 Score for class 6 (percent),Precision (percent),Precision for class 0 (percent),Precision for class 1 (percent),Precision for class 2 (percent),Precision for class 3 (percent),Precision for class 4 (percent),Precision for class 5 (percent),Precision for class 6 (percent),Recall (percent),Recall for class 0 (percent),Recall for class 1 (percent),Recall for class 2 (percent),Recall for class 3 (percent),Recall for class 4 (percent),Recall for class 5 (percent),Recall for class 6 (percent),model training instances,model serialized size (bytes)
8001.0,31.775999069213867,1777.0,251.79380798339844,8000.0,85.6375,79.3007751400328,-45.25916561314785,75.92204526404022,75.48871281085118,44.89795918367347,87.26070309780717,86.3138686131387,73.37662337662337,90.54726368159204,73.43412526997841,67.5496688741722,79.44431031621312,55.00000000000001,87.35191637630662,84.61538461538461,83.39483394833948,85.71428571428571,73.59307359307358,86.4406779661017,71.90833758170326,37.93103448275862,87.16968011126565,88.08193668528864,65.5072463768116,95.95782073813707,73.27586206896551,55.434782608695656,0.0,1.0
