Connected!
print extradionario!!!!
0.528264,0.125,0.151515,0.042949,0.2230.853927,0.030556,0.151515,0.154617,0.317829,0.230013,0.822835,0.866142,0.57874,0.194898,0,1,0,0,0,0,0,0,0,0,0,0,0,0,0,0,0,0,0,0,0,0,0,0,0,0,0,0,0,0,0,0,0,0,0,0,0,0,0,0,0,0,0,1,70.62031,0.461111,0.136364,0.317108,0.242894,0.015175,0.897638,0.96063,0.582677,0.210651,0,0,1,0,0,0,0,0,0,0,0,0,0,0,0,0,0,0,0,0,0,0,0,0,0,0,1,0,0,0,0,0,0,0,0,0,0,0,0,0,0,0,0,0,2
java.lang.NumberFormatException: multiple points
print extradionario!!!!
0.417209,0.036111,0.19697,0,0.0.538269,0.75,0.015152,0.395848,0.299742,0.486862,0.850394,0.937008,0.629921,0.534783,1,0,0,0,0,0,0,0,0,0,0,0,0,0,0,1,0,0,0,0,0,0,0,0,0,0,0,0,0,0,0,0,0,0,0,0,0,0,0,0,0,0,0,0,20.537769,0.6,0.030303,0.391553,0.29845,0.483069,0.854331,0.948819,0.633858,0.53074,1,0,0,0,0,0,0,0,0,0,0,0,0,0,0,1,0,0,0,0,0,0,0,0,0,0,0,0,0,0,0,0,0,0,0,0,0,0,0,0,0,0,0,0,2
java.lang.NumberFormatException: multiple points
print extradionario!!!!
0.535268,0.316660.504752,0.233333,0.106061,0,0.223514,0.20444,0.909449,0.893701,0.507874,0.369302,0,0,1,0,0,0,0,0,0,0,0,0,0,0,0,0,0,0,0,0,0,0,0,1,0,0,0,0,0,0,0,0,0,0,0,0,0,0,0,0,0,0,0,0,10.503252,0.105556,0.075758,0,0.223514,0.203457,0.866142,0.897638,0.566929,0.366513,0,0,1,0,0,0,0,0,0,0,0,0,0,0,0,0,0,0,0,0,0,0,0,1,0,0,0,0,0,0,0,0,0,0,0,0,0,0,0,0,0,0,0,0,1
java.lang.NumberFormatException: multiple points
print extradionario!!!!
0.353677,0.933333,0.136364,0.021475,0.2260980.428214,0.836111,0.242424,0.2398,0.28553,0.125334,0.681102,0.909449,0.779528,0.263488,0,0,1,0,0,0,0,0,0,0,0,0,0,0,0,0,1,0,0,0,0,0,0,0,0,0,0,0,0,0,0,0,0,0,0,0,0,0,0,0,0,0,0,0,20.433217,0.813889,0.272727,0.221188,0.29845,0.122243,0.661417,0.917323,0.807087,0.263488,0,0,1,0,0,0,0,0,0,0,0,0,0,0,0,0,1,0,0,0,0,0,0,0,0,0,0,0,0,0,0,0,0,0,0,0,0,0,0,0,0,0,0,0,2
java.lang.NumberFormatException: multiple points
print extradionario!!!!
0.075538,0.897222,0.393939,0,0.0.641321,0.208333,0.227273,0.151754,0.167959,0.268934,0.933071,0.826772,0.393701,0.220828,1,0,0,0,0,0,0,0,0,0,0,0,0,0,0,0,0,0,0,0,0,0,0,0,0,0,0,0,0,0,0,0,1,0,0,0,0,0,0,0,0,0,0,0,10.637819,0.222222,0.212121,0.167502,0.158915,0.268231,0.937008,0.846457,0.413386,0.217064,1,0,0,0,0,0,0,0,0,0,0,0,0,0,0,0,0,0,0,0,0,0,0,0,0,0,0,0,0,0,0,0,1,0,0,0,0,0,0,0,0,0,0,0,1
java.lang.NumberFormatException: multiple points
print extradionario!!!!
0.401201,0.363889,0.212121,0.042949,0.231266,0.238580.392696,0,0.393939,0.021475,0.241602,0.222144,0.677165,0.712598,0.543307,0.159766,0,0,1,0,0,0,0,0,0,0,0,0,0,0,0,0,0,0,0,0,0,0,0,0,0,0,0,1,0,0,0,0,0,0,0,0,0,0,0,0,0,0,0,0,10.391696,0.002778,0.409091,0.021475,0.24031,0.219896,0.677165,0.704724,0.535433,0.156699,0,0,1,0,0,0,0,0,0,0,0,0,0,0,0,0,0,0,0,0,0,0,0,0,0,0,0,1,0,0,0,0,0,0,0,0,0,0,0,0,0,0,0,0,1
java.lang.NumberFormatException: multiple points
print extradionario!!!!
0.361181,0.166667,0.100.474237,0.780556,0.363636,0.405154,0.562016,0.161304,0.574803,0.917323,0.88189,0.224871,0,0,1,0,0,0,0,0,0,0,0,0,0,0,0,0,0,0,0,0,0,0,0,0,0,0,0,0,0,0,0,1,0,0,0,0,0,0,0,0,0,0,0,0,20.481241,0.791667,0.378788,0.408017,0.580103,0.163693,0.566929,0.905512,0.877953,0.225568,0,0,1,0,0,0,0,0,0,0,0,0,0,0,0,0,0,0,0,0,0,0,0,0,0,0,0,0,0,0,0,1,0,0,0,0,0,0,0,0,0,0,0,0,2
java.lang.NumberFormatException: multiple points
print extradionario!!!!
0.728364,0.272222,0.333333,0.14388,0.281654,0.340.712856,0.997222,0.181818,0.060845,0.236434,0.298581,0.795276,0.862205,0.602362,0.383382,1,0,0,0,0,0,0,0,0,0,0,0,0,0,0,0,0,0,0,0,0,0,0,0,0,0,0,0,0,0,0,0,0,0,0,0,0,0,0,0,0,0,1,0,70.712856,0.975,0.181818,0.077309,0.241602,0.296473,0.783465,0.866142,0.625984,0.3792,1,0,0,0,0,0,0,0,0,0,0,0,0,0,0,0,0,0,0,0,0,0,0,0,0,0,0,0,0,0,0,0,1,0,0,0,0,0,0,0,0,0,0,0,1
java.lang.NumberFormatException: multiple points
BYTES READ -1
learning evaluation instances,Wall Time (Actual Time),Avg Delay (ms),outRate (inst/s),classified instances,classifications correct (percent),Kappa Statistic (percent),Kappa Temporal Statistic (percent),Kappa M Statistic (percent),F1 Score (percent),F1 Score for class 0 (percent),F1 Score for class 1 (percent),F1 Score for class 2 (percent),F1 Score for class 3 (percent),F1 Score for class 4 (percent),F1 Score for class 5 (percent),F1 Score for class 6 (percent),Precision (percent),Precision for class 0 (percent),Precision for class 1 (percent),Precision for class 2 (percent),Precision for class 3 (percent),Precision for class 4 (percent),Precision for class 5 (percent),Precision for class 6 (percent),Recall (percent),Recall for class 0 (percent),Recall for class 1 (percent),Recall for class 2 (percent),Recall for class 3 (percent),Recall for class 4 (percent),Recall for class 5 (percent),Recall for class 6 (percent),model training instances,model serialized size (bytes),ensemble size,[avg] model training instances,[err] model training instances,[avg] model serialized size (bytes),[err] model serialized size (bytes),[avg] tree size (nodes),[err] tree size (nodes),[avg] tree size (leaves),[err] tree size (leaves),[avg] active learning leaves,[err] active learning leaves,[avg] tree depth,[err] tree depth,[avg] active leaf byte size estimate,[err] active leaf byte size estimate,[avg] inactive leaf byte size estimate,[err] inactive leaf byte size estimate,[avg] byte size estimate overhead,[err] byte size estimate overhead
9501.0,13.229000091552734,625.0,718.1948852539062,9500.0,62.72631578947369,37.90734604669171,-277.50533049040524,24.739638682252927,?,?,54.07925407925408,72.47624170701094,57.87234042553191,?,24.363636363636367,28.780487804878053,?,0.0,61.50583244962884,63.54346800817482,68.1704260651629,?,36.41304347826087,62.10526315789474,31.413951757331688,0.0,48.25291181364393,84.33131650323388,50.27726432532348,0.0,18.30601092896175,18.73015873015873,0.0,1.0,25.0,5269.4,3995.148954252728,1.0,0.0,2.16,1.9295940851208402,1.5199999999999998,1.0456258094238746,1.5199999999999998,1.0456258094238746,0.6399999999999999,0.9073771725877466,0.0,0.0,0.0,0.0,1.0,0.0
