Connected!
print extradionario!!!!
0.462731,0.966667,0.19697,0.121689,0.271318,0.387523,0.76378,0.8540.541771,0.847222,0.121212,0.271296,0.24031,0.735141,0.779528,0.929134,0.69685,0.294159,1,0,0,0,0,0,0,0,0,0,0,0,0,0,0,0,0,0,0,0,0,0,0,0,0,0,0,0,0,0,0,0,1,0,0,0,0,0,0,0,0,0,0,0,20.556278,0.944444,0.227273,0.060845,0.24677,0.665168,0.73622,0.854331,0.661417,0.157675,1,0,0,0,0,0,0,0,0,0,0,0,0,0,0,0,0,0,0,0,0,0,0,0,0,0,0,0,0,0,0,0,1,0,0,0,0,0,0,0,0,0,0,0,2
java.lang.NumberFormatException: multiple points
print extradionario!!!!
0.269135,0.069444,0.393939,0.042949,0.24031,0.092736,0.775591,0.6880.753377,0.513889,0.212121,0.471725,0.373385,0.62442,0.874016,0.980315,0.61811,0.342674,0,0,1,0,0,0,0,0,0,0,0,0,0,0,0,0,0,0,0,0,0,0,0,0,0,0,0,0,0,0,0,0,0,0,0,0,0,0,0,0,0,1,0,0,70.754877,0.525,0.181818,0.413028,0.365633,0.622734,0.866142,0.980315,0.629921,0.362331,0,0,1,0,0,0,0,0,0,0,0,0,0,0,0,0,0,0,0,0,0,0,0,0,0,0,0,0,0,0,0,0,0,0,0,0,1,0,0,0,0,0,0,0,7
java.lang.NumberFormatException: multiple points
print extradionario!!!!
0.714357,0.113889,0.136364,0.240.414707,0.333333,0.424242,0.077309,0.167959,0.04145,1,0.799213,0.220472,0.073052,1,0,0,0,0,0,0,0,0,0,0,0,0,0,0,0,0,0,0,0,0,0,0,0,0,0,0,0,0,0,0,0,0,1,0,0,0,0,0,0,0,0,0,0,50.517759,0.833333,0.348485,0.19184,0.361757,0.161585,0.586614,0.88189,0.834646,0.16576,0,0,1,0,0,0,0,0,0,0,0,0,0,0,0,0,1,0,0,0,0,0,0,0,0,0,0,0,0,0,0,0,0,0,0,0,0,0,0,0,0,0,0,0,2
java.lang.NumberFormatException: multiple points
print extradionario!!!!
0.449725,0.969444,0.272720.433717,0.35,0.121212,0.077309,0.25969,0.313334,0.925197,0.92126,0.515748,0.914401,1,0,0,0,0,0,0,0,0,0,0,0,0,0,0,1,0,0,0,0,0,0,0,0,0,0,0,0,0,0,0,0,0,0,0,0,0,0,0,0,0,0,0,0,20.431716,0.358333,0.181818,0.060845,0.254522,0.3094,0.944882,0.917323,0.476378,0.911613,1,0,0,0,0,0,0,0,0,0,0,0,0,0,0,1,0,0,0,0,0,0,0,0,0,0,0,0,0,0,0,0,0,0,0,0,0,0,0,0,0,0,0,0,2
java.lang.NumberFormatException: multiple points
print extradionario!!!!
0.61931,0.141667,0.242424,0.121689,0.25969,0.614444,0.880.582291,0.730556,0.181818,0.193271,0.289406,0.330476,0.744094,0.968504,0.771654,0.149589,1,0,0,0,0,0,0,0,0,0,0,0,0,0,0,0,0,0,0,0,0,0,0,0,0,0,0,0,0,0,0,0,1,0,0,0,0,0,0,0,0,0,0,0,20.585293,0.730556,0.121212,0.214746,0.297158,0.326542,0.791339,0.96063,0.716535,0.153353,1,0,0,0,0,0,0,0,0,0,0,0,0,0,0,0,0,0,0,0,0,0,0,0,0,0,0,0,0,0,0,0,1,0,0,0,0,0,0,0,0,0,0,0,2
java.lang.NumberFormatException: multiple points
print extradionario!!!!
0.69985,0.119444,0.151515,0.193271,0.25969,0.5248,0.874016,0.862205,0.515740.461731,0.1,0.136364,0.021475,0.223514,0.063791,0.866142,0.870079,0.535433,0.126586,1,0,0,0,0,0,0,0,0,0,0,0,0,0,0,0,0,0,0,0,0,0,0,0,0,0,1,0,0,0,0,0,0,0,0,0,0,0,0,0,0,0,0,0,20.46023,0.072222,0.121212,0.042949,0.223514,0.059576,0.850394,0.874016,0.559055,0.127143,1,0,0,0,0,0,0,0,0,0,0,0,0,0,0,0,0,0,0,0,0,0,0,0,0,0,1,0,0,0,0,0,0,0,0,0,0,0,0,0,0,0,0,0,2
java.lang.NumberFormatException: multiple points
print extradionario!!!!
0.087044,0.58050.593797,0.141667,0.348485,0.167502,0.350129,0.034003,0.88189,0.724409,0.322835,0.198801,0,0,1,0,0,0,0,0,0,0,0,0,0,0,0,0,0,0,0,0,0,0,0,0,0,0,0,1,0,0,0,0,0,0,0,0,0,0,0,0,0,0,0,0,20.588294,0.138889,0.348485,0.151754,0.322997,0.032036,0.877953,0.720472,0.322835,0.198104,0,0,1,0,0,0,0,0,0,0,0,0,0,0,0,0,0,0,0,0,0,0,0,0,0,0,0,1,0,0,0,0,0,0,0,0,0,0,0,0,0,0,0,0,2
java.lang.NumberFormatException: multiple points
learning evaluation instances,Wall Time (Actual Time),Avg Delay (ms),outRate (inst/s),classified instances,classifications correct (percent),Kappa Statistic (percent),Kappa Temporal Statistic (percent),Kappa M Statistic (percent),F1 Score (percent),F1 Score for class 0 (percent),F1 Score for class 1 (percent),F1 Score for class 2 (percent),F1 Score for class 3 (percent),F1 Score for class 4 (percent),F1 Score for class 5 (percent),F1 Score for class 6 (percent),Precision (percent),Precision for class 0 (percent),Precision for class 1 (percent),Precision for class 2 (percent),Precision for class 3 (percent),Precision for class 4 (percent),Precision for class 5 (percent),Precision for class 6 (percent),Recall (percent),Recall for class 0 (percent),Recall for class 1 (percent),Recall for class 2 (percent),Recall for class 3 (percent),Recall for class 4 (percent),Recall for class 5 (percent),Recall for class 6 (percent),model training instances,model serialized size (bytes),ensemble size,change detections,[avg] model training instances,[err] model training instances,[avg] model serialized size (bytes),[err] model serialized size (bytes),[avg] tree size (nodes),[err] tree size (nodes),[avg] tree size (leaves),[err] tree size (leaves),[avg] active learning leaves,[err] active learning leaves,[avg] tree depth,[err] tree depth,[avg] active leaf byte size estimate,[err] active leaf byte size estimate,[avg] inactive leaf byte size estimate,[err] inactive leaf byte size estimate,[avg] byte size estimate overhead,[err] byte size estimate overhead
81501.0,120.11100006103516,719.0,678.54736328125,81500.0,90.28466257668711,82.34626856169317,-19.31886678722119,75.52168670974123,72.14793258988287,9.30232558139535,87.26325239210877,93.4036619376743,85.72736986719586,84.81675392670157,76.40835001429797,67.55690440060698,71.10193503485277,8.0,89.06319835523375,92.78300845160902,83.6212030970816,79.93421052631578,76.69345579793341,67.61846901579587,73.22516549553386,11.11111111111111,85.53461819118341,94.03267481841672,87.94237394300032,90.33457249070632,76.12535612535612,67.49545178896301,0.0,1.0,25.0,162.0,151180.64000000004,129015.26153356173,1.0,0.0,71.27999999999999,72.60252520860872,36.11999999999999,36.32184833769706,36.11999999999999,36.32184833769706,6.800000000000001,4.242640687119285,0.0,0.0,0.0,0.0,1.0,0.0
