Connected!
print extradionario!!!!
0.073037,0.338889,0.454545,0.198280.250625,0.697222,0.378788,0.2398,0.308786,0.162006,0.622047,0.976378,0.874016,0.100655,0,0,0,1,0,0,0,0,0,1,0,0,0,0,0,0,0,0,0,0,0,0,0,0,0,0,0,0,0,0,0,0,0,0,0,0,0,0,0,0,0,0,0,0,40.248624,0.344444,0.5,0.23622,0.303618,0.155403,0.996063,0.76378,0.153543,0.09243,0,0,0,1,0,0,0,0,0,1,0,0,0,0,0,0,0,0,0,0,0,0,0,0,0,0,0,0,0,0,0,0,0,0,0,0,0,0,0,0,0,0,0,0,4
java.lang.NumberFormatException: multiple points
print extradionario!!!!
0.323662,0.105556,0.166667,0.23622,0.25969,0.081776,0.866142,0.846457,0.503937,0.497000.70085,0.319444,0.151515,0.375805,0.312661,0.512857,0.933071,0.909449,0.488189,0.336679,1,0,0,0,0,0,0,0,0,0,0,0,0,0,0,0,0,0,0,0,0,0,0,0,0,0,0,0,0,0,0,0,0,0,0,0,0,0,0,0,0,0,0,1,10.697849,0.352778,0.106061,0.394417,0.30491,0.514824,0.917323,0.925197,0.531496,0.336261,1,0,0,0,0,0,0,0,0,0,0,0,0,0,0,0,0,0,0,0,0,0,0,0,0,0,0,0,0,0,0,0,0,0,0,0,0,0,0,0,0,0,0,1,1
java.lang.NumberFormatException: multiple points
print extradionario!!!!
0.572786,0.155556,0.272727,0.292054,0.337209,0.653646,0.901575,0.787400.610805,0.097222,0.287879,0.475304,0.431525,0.62709,0.846457,0.771654,0.437008,0.514429,1,0,0,0,0,0,0,0,0,0,0,0,0,0,0,0,0,0,0,0,0,0,0,0,0,0,0,0,0,0,0,0,1,0,0,0,0,0,0,0,0,0,0,0,10.607304,0.075,0.257576,0.468862,0.422481,0.628214,0.830709,0.791339,0.480315,0.515823,1,0,0,0,0,0,0,0,0,0,0,0,0,0,0,0,0,0,0,0,0,0,0,0,0,0,0,0,0,0,0,0,1,0,0,0,0,0,0,0,0,0,0,0,1
java.lang.NumberFormatException: multiple points
print extradionario!!!!
0.471236,0.211111,0.166667,0.27917,0.223510.53927,0.969444,0.181818,0.167502,0.254522,0.527891,0.779528,0.866142,0.633858,0.617873,1,0,0,0,0,0,0,0,0,0,0,0,0,0,0,1,0,0,0,0,0,0,0,0,0,0,0,0,0,0,0,0,0,0,0,0,0,0,0,0,0,0,0,0,20.54077,0.011111,0.181818,0.151754,0.258398,0.523957,0.80315,0.850394,0.586614,0.61383,1,0,0,0,0,0,0,0,0,0,0,0,0,0,0,1,0,0,0,0,0,0,0,0,0,0,0,0,0,0,0,0,0,0,0,0,0,0,0,0,0,0,0,0,2
java.lang.NumberFormatException: multiple points
print extradionario!!!!
0.533767,0.55,0.030303,0.19820.532266,0.447222,0.212121,0.154617,0.248062,0.610932,0.917323,0.956693,0.53937,0.567684,1,0,0,0,0,0,0,0,0,0,0,0,0,0,0,0,0,0,0,0,0,0,0,0,0,0,0,0,0,0,0,0,0,1,0,0,0,0,0,0,0,0,0,0,20.530765,0.441667,0.166667,0.14388,0.244186,0.6077,0.913386,0.952756,0.551181,0.565872,1,0,0,0,0,0,0,0,0,0,0,0,0,0,0,0,0,0,0,0,0,0,0,0,0,0,0,0,0,0,0,0,1,0,0,0,0,0,0,0,0,0,0,0,2
java.lang.NumberFormatException: multiple points
print extradionario!!!!
0.638819,0.2,0.121212,0,0.223514,0.439371,0.0.435718,0.908333,0.242424,0.04796,0.210594,0.232823,0.704724,0.866142,0.708661,0.395511,1,0,0,0,0,0,0,0,0,0,0,0,0,0,0,0,0,0,0,0,0,0,0,0,0,0,0,0,0,0,0,0,1,0,0,0,0,0,0,0,0,0,0,0,20.438219,0.927778,0.181818,0.030064,0.217054,0.22931,0.755906,0.88189,0.673228,0.394117,1,0,0,0,0,0,0,0,0,0,0,0,0,0,0,0,0,0,0,0,0,0,0,0,0,0,0,0,0,0,0,0,1,0,0,0,0,0,0,0,0,0,0,0,2
java.lang.NumberFormatException: multiple points
print extradionario!!!!
0.646823,0.980550.550275,0.147222,0.136364,0.128848,0.275194,0.667697,0.889764,0.870079,0.507874,0.360379,1,0,0,0,0,0,0,0,0,0,0,0,0,0,0,0,0,0,0,0,0,0,0,0,0,0,0,0,0,0,0,0,1,0,0,0,0,0,0,0,0,0,0,0,20.546773,0.211111,0.227273,0.107373,0.26615,0.670648,0.937008,0.826772,0.389764,0.356476,1,0,0,0,0,0,0,0,0,0,0,0,0,0,0,0,0,0,0,0,0,0,0,0,0,0,0,0,0,0,0,0,1,0,0,0,0,0,0,0,0,0,0,0,2
java.lang.NumberFormatException: multiple points
print extradionario!!!!
0.691346,0.375,0.190.533767,0.05,0.257576,0.088762,0.242894,0.269636,0.80315,0.791339,0.511811,0.130071,1,0,0,0,0,0,0,0,0,0,0,0,0,0,0,0,0,0,0,0,0,0,0,0,0,0,0,0,0,0,0,0,1,0,0,0,0,0,0,0,0,0,0,0,10.532266,0.041667,0.257576,0.09592,0.242894,0.265842,0.799213,0.80315,0.527559,0.133138,1,0,0,0,0,0,0,0,0,0,0,0,0,0,0,0,0,0,0,0,0,0,0,0,0,0,0,0,0,0,0,0,1,0,0,0,0,0,0,0,0,0,0,0,1
java.lang.NumberFormatException: multiple points
print extradionario!!!!
0.627814,0.488889,0.242424,0.0.588794,0.558333,0.090909,0.258411,0.290698,0.44485,0.858268,0.964567,0.641732,0.096612,0,0,1,0,0,0,0,0,0,0,0,0,0,0,0,0,0,0,0,0,0,0,0,0,0,0,0,0,0,0,0,0,0,0,0,1,0,0,0,0,0,0,0,0,20.589295,0.580556,0.075758,0.279885,0.29199,0.448925,0.850394,0.96063,0.649606,0.100516,0,0,1,0,0,0,0,0,0,0,0,0,0,0,0,0,0,0,0,0,0,0,0,0,0,0,0,0,0,0,0,0,0,0,0,1,0,0,0,0,0,0,0,0,2
java.lang.NumberFormatException: multiple points
print extradionario!!!!
0.324662,0.219444,0.060.644822,0.316667,0.439394,0.154617,0.315245,0.536603,1,0.775591,0.188976,0.32706,1,0,0,0,0,0,0,0,0,0,0,0,0,0,0,0,0,0,0,0,0,0,0,0,0,0,0,0,0,0,0,0,0,0,0,0,0,0,0,0,0,0,1,0,10.636318,0.319444,0.424242,0.137437,0.293282,0.533792,1,0.787402,0.212598,0.325526,1,0,0,0,0,0,0,0,0,0,0,0,0,0,0,0,0,0,0,0,0,0,0,0,0,0,0,0,0,0,0,0,1,0,0,0,0,0,0,0,0,0,0,0,1
java.lang.NumberFormatException: multiple points
learning evaluation instances,Wall Time (Actual Time),Avg Delay (ms),outRate (inst/s),classified instances,classifications correct (percent),Kappa Statistic (percent),Kappa Temporal Statistic (percent),Kappa M Statistic (percent),F1 Score (percent),F1 Score for class 0 (percent),F1 Score for class 1 (percent),F1 Score for class 2 (percent),F1 Score for class 3 (percent),F1 Score for class 4 (percent),F1 Score for class 5 (percent),F1 Score for class 6 (percent),Precision (percent),Precision for class 0 (percent),Precision for class 1 (percent),Precision for class 2 (percent),Precision for class 3 (percent),Precision for class 4 (percent),Precision for class 5 (percent),Precision for class 6 (percent),Recall (percent),Recall for class 0 (percent),Recall for class 1 (percent),Recall for class 2 (percent),Recall for class 3 (percent),Recall for class 4 (percent),Recall for class 5 (percent),Recall for class 6 (percent),model training instances,model serialized size (bytes),ensemble size,[avg] model training instances,[err] model training instances,[avg] model serialized size (bytes),[err] model serialized size (bytes),[avg] tree size (nodes),[err] tree size (nodes),[avg] tree size (leaves),[err] tree size (leaves),[avg] active learning leaves,[err] active learning leaves,[avg] tree depth,[err] tree depth,[avg] active leaf byte size estimate,[err] active leaf byte size estimate,[avg] inactive leaf byte size estimate,[err] inactive leaf byte size estimate,[avg] byte size estimate overhead,[err] byte size estimate overhead
294001.0,120.00199890136719,200.0,2449.967529296875,294000.0,79.29523809523809,62.83623947820308,-286.2681642236179,52.938629721831376,55.96444527177768,?,71.42905000234502,86.40952483939034,79.8021978021978,69.43164362519201,28.70436649964209,31.240120706998137,63.272586441840076,0.0,83.7720607879807,79.49685983806866,71.78442924360444,73.45612134344529,60.150000000000006,74.24863387978142,50.16971800856071,0.0,62.25619583751839,94.63886594431757,89.83621158889603,65.8252427184466,18.8498903165152,19.78161965423112,0.0,1.0,25.0,262691.16000000003,75439.65892060137,1.0,0.0,71.84,48.91376765969543,35.75999999999999,24.927026831667398,35.75999999999999,24.927026831667398,8.88,3.2827833718761683,0.0,0.0,0.0,0.0,1.0,0.0
