Connected!
print extradionario!!!!
0.368684,0.091667,0.212121,0.2398,0.308786,0.00.493747,0.375,0.030303,0,0.223514,0.429394,0.874016,0.937008,0.598425,0.327478,1,0,0,0,0,0,0,0,0,0,0,0,0,0,0,0,0,0,0,0,0,0,0,0,0,0,1,0,0,0,0,0,0,0,0,0,0,0,0,0,0,0,0,0,10.568284,0.108333,0.272727,0,0.223514,0.628355,0.858268,0.779528,0.429134,0.363725,1,0,0,0,0,0,0,0,0,0,0,0,0,0,0,0,0,0,0,0,0,0,0,0,0,0,1,0,0,0,0,0,0,0,0,0,0,0,0,0,0,0,0,0,1
java.lang.NumberFormatException: multiple points
print extradionario!!!!
0.572286,0.911111,0.242424,0.292054,0.343669,0.228186,0.700.233117,0.525,0.287879,0.221188,0.263566,0.134186,0.854331,0.988189,0.625984,0.0711,0,0,0,1,0,0,1,0,0,0,0,0,0,0,0,0,0,0,0,0,0,0,0,0,0,0,0,0,0,0,0,0,0,0,0,0,0,0,0,0,0,0,0,0,40.243622,0.622222,0.424242,0.24481,0.290698,0.128144,0.673228,0.992126,0.807087,0.062735,0,0,0,1,0,0,0,0,0,1,0,0,0,0,0,0,0,0,0,0,0,0,0,0,0,0,0,0,0,0,0,0,0,0,0,0,0,0,0,0,0,0,0,0,4
java.lang.NumberFormatException: multiple points
print extradionario!!!!
0.427214,0.4,0.151515,0.0880.673337,0.922222,0.121212,0.04796,0.228682,0.560489,0.791339,0.905512,0.661417,0.489335,1,0,0,0,0,0,0,0,0,0,0,0,0,0,0,0,0,0,0,0,0,0,0,0,0,0,1,0,0,0,0,0,0,0,0,0,0,0,0,0,0,0,0,0,10.676338,0.905556,0.075758,0.060845,0.22739,0.561613,0.811024,0.92126,0.653543,0.491008,1,0,0,0,0,0,0,0,0,0,0,0,0,0,0,0,0,0,0,0,0,0,0,0,0,0,1,0,0,0,0,0,0,0,0,0,0,0,0,0,0,0,0,0,1
java.lang.NumberFormatException: multiple points
print extradionario!!!!
0.5993,0.994444,0.30303,0.45520.45973,0.244444,0.121212,0.042949,0.232558,0.303499,0.913386,0.893701,0.503937,0.464799,1,0,0,0,0,0,0,0,0,0,0,0,0,0,0,0,0,0,0,0,0,0,0,0,0,0,0,0,0,0,0,0,1,0,0,0,0,0,0,0,0,0,0,0,20.458229,0.230556,0.090909,0.021475,0.228682,0.299845,0.897638,0.905512,0.53937,0.461174,1,0,0,0,0,0,0,0,0,0,0,0,0,0,0,0,0,0,0,0,0,0,0,0,0,0,0,0,0,0,0,0,1,0,0,0,0,0,0,0,0,0,0,0,2
java.lang.NumberFormatException: multiple points
print extradionario!!!!
0.511756,0.916667,0.212121,0.0.552276,0.711111,0.424242,0.136006,0.288114,0.724182,0.570866,0.96063,0.901575,0.208002,1,0,0,0,0,0,0,0,0,0,0,0,0,0,0,0,0,0,0,0,0,0,0,0,0,0,0,0,0,0,0,0,1,0,0,0,0,0,0,0,0,0,0,0,20.56028,0.708333,0.409091,0.156049,0.308786,0.728397,0.586614,0.964567,0.893701,0.205911,1,0,0,0,0,0,0,0,0,0,0,0,0,0,0,0,0,0,0,0,0,0,0,0,0,0,0,0,0,0,0,0,1,0,0,0,0,0,0,0,0,0,0,0,2
java.lang.NumberFormatException: multiple points
print extradionario!!!!
0.6000.666833,0.061111,0.075758,0.202577,0.24031,0.79556,0.854331,0.901575,0.586614,0.410986,1,0,0,0,0,0,0,0,0,0,0,0,0,0,0,0,0,0,0,0,0,0,0,0,0,0,1,0,0,0,0,0,0,0,0,0,0,0,0,0,0,0,0,0,2
java.lang.NumberFormatException: multiple points
print extradionario!!!!
0.582791,0.238889,0.257576,0.23121,0.198966,0.413517,0.956693,0.818890.661331,0.652778,0.060606,0.287759,0.293282,0.835605,0.838583,0.956693,0.65748,0.393559,1,0,0,0,0,0,0,0,0,0,0,0,0,0,0,0,0,0,0,0,0,0,1,0,0,0,0,0,0,0,0,0,0,0,0,0,0,0,0,0,0,0,0,0,20.661831,0.652778,0.060606,0.304939,0.294574,0.839539,0.838583,0.956693,0.65748,0.393699,1,0,0,0,0,0,0,0,0,0,0,0,0,0,0,0,0,0,0,0,0,0,1,0,0,0,0,0,0,0,0,0,0,0,0,0,0,0,0,0,0,0,0,0,2
java.lang.NumberFormatException: multiple points
print extradionario!!!!
0.698849,0.047222,0.136364,0.136006,0.263566,0.443024,0.838583,0.870079,0.50.743372,0.172222,0.363636,0.176807,0.25323,0.451876,0.913386,0.720472,0.275591,0.25833,1,0,0,0,0,0,0,0,0,0,0,0,0,0,0,0,0,0,0,0,0,0,0,0,0,0,0,0,0,0,0,0,1,0,0,0,0,0,0,0,0,0,0,0,70.737369,0.175,0.30303,0.156049,0.237726,0.449347,0.917323,0.771654,0.338583,0.261955,1,0,0,0,0,0,0,0,0,0,0,0,0,0,0,0,0,0,0,0,0,0,0,0,0,0,0,0,0,0,0,0,1,0,0,0,0,0,0,0,0,0,0,0,7
java.lang.NumberFormatException: multiple points
print extradionario!!!!
0.507754,0.588889,0.0.130065,0.283333,0.318182,0.156049,0.294574,0.062245,0.980315,0.818898,0.30315,0.112645,0,0,0,1,0,1,0,0,0,0,0,0,0,0,0,0,0,0,0,0,0,0,0,0,0,0,0,0,0,0,0,0,0,0,0,0,0,0,0,0,0,0,0,0,30.123062,0.280556,0.454545,0.176807,0.276486,0.058592,0.996063,0.732283,0.149606,0.111529,0,0,0,1,0,1,0,0,0,0,0,0,0,0,0,0,0,0,0,0,0,0,0,0,0,0,0,0,0,0,0,0,0,0,0,0,0,0,0,0,0,0,0,0,3
java.lang.NumberFormatException: multiple points
learning evaluation instances,Wall Time (Actual Time),Avg Delay (ms),outRate (inst/s),classified instances,classifications correct (percent),Kappa Statistic (percent),Kappa Temporal Statistic (percent),Kappa M Statistic (percent),F1 Score (percent),F1 Score for class 0 (percent),F1 Score for class 1 (percent),F1 Score for class 2 (percent),F1 Score for class 3 (percent),F1 Score for class 4 (percent),F1 Score for class 5 (percent),F1 Score for class 6 (percent),Precision (percent),Precision for class 0 (percent),Precision for class 1 (percent),Precision for class 2 (percent),Precision for class 3 (percent),Precision for class 4 (percent),Precision for class 5 (percent),Precision for class 6 (percent),Recall (percent),Recall for class 0 (percent),Recall for class 1 (percent),Recall for class 2 (percent),Recall for class 3 (percent),Recall for class 4 (percent),Recall for class 5 (percent),Recall for class 6 (percent),model training instances,model serialized size (bytes),ensemble size,[avg] model training instances,[err] model training instances,[avg] model serialized size (bytes),[err] model serialized size (bytes),[avg] tree size (nodes),[err] tree size (nodes),[avg] tree size (leaves),[err] tree size (leaves),[avg] active learning leaves,[err] active learning leaves,[avg] tree depth,[err] tree depth,[avg] active leaf byte size estimate,[err] active leaf byte size estimate,[avg] inactive leaf byte size estimate,[err] inactive leaf byte size estimate,[avg] byte size estimate overhead,[err] byte size estimate overhead
81551.0,120.00599670410156,36.0,679.5576782226562,81550.0,84.47087676272226,70.63185243213384,-106.59053833605223,57.98414120301252,67.32764004788864,?,76.23267114477633,89.12169475800216,82.35700708484534,87.19886632026453,73.14126394052045,62.9160530191458,66.31834219526395,0.0,78.18439439097084,88.55853260347642,82.62829403606102,85.14760147601476,70.11135857461025,59.59821428571429,68.36813364577546,0.0,74.3760167325122,89.69206528293812,82.08749569410955,89.351403678606,76.44487615347256,66.62507797878978,0.0,1.0,25.0,720.8800000000001,668.9214777037237,1.0,0.0,0.9599999999999999,0.19999999999999998,0.9599999999999999,0.19999999999999998,0.9599999999999999,0.19999999999999998,0.0,0.0,0.0,0.0,0.0,0.0,1.0,0.0
