Connected!
print extradionario!!!!
0.462731,0.966667,0.19697,0.121689,0.271318,0.30.555778,0.202778,0.19697,0.107373,0.22739,0.661796,0.925197,0.838583,0.42126,0.2416,1,0,0,0,0,0,0,0,0,0,0,0,0,0,0,0,0,0,0,0,0,0,1,0,0,0,0,0,0,0,0,0,0,0,0,0,0,0,0,0,0,0,0,0,20.534767,0.961111,0.181818,0,0.223514,0.550653,0.771654,0.866142,0.641732,0.353269,1,0,0,0,0,0,0,0,0,0,0,0,0,0,0,0,0,0,0,0,0,0,0,0,0,0,0,0,0,0,0,0,1,0,0,0,0,0,0,0,0,0,0,0,2
java.lang.NumberFormatException: multiple points
print extradionario!!!!
0.367684,0.222222,0.287879,0.19184,0.31650.241621,0.213889,0.272727,0.367931,0.560724,0.204862,0.944882,0.807087,0.350394,0.141085,0,0,0,1,0,1,0,0,0,0,0,0,0,0,0,0,0,0,0,0,0,0,0,0,0,0,0,0,0,0,0,0,0,0,0,0,0,0,0,0,0,0,0,0,40.233617,0.238889,0.409091,0.38869,0.534884,0.201489,0.972441,0.720472,0.185039,0.137042,0,0,0,1,0,1,0,0,0,0,0,0,0,0,0,0,0,0,0,0,0,0,0,0,0,0,0,0,0,0,0,0,0,0,0,0,0,0,0,0,0,0,0,0,4
java.lang.NumberFormatException: multiple points
print extradionario!!!!
0.536768,0.605556,0.166667,0.1760.663332,0.119444,0.181818,0.303508,0.27907,0.415063,0.874016,0.838583,0.488189,0.653283,1,0,0,0,0,0,0,0,0,0,0,0,0,0,0,0,0,0,0,0,0,0,0,0,0,0,0,0,0,0,0,0,1,0,0,0,0,0,0,0,0,0,0,0,10.661831,0.144444,0.121212,0.282749,0.275194,0.418575,0.885827,0.877953,0.519685,0.64924,1,0,0,0,0,0,0,0,0,0,0,0,0,0,0,0,0,0,0,0,0,0,0,0,0,0,0,0,0,0,0,0,1,0,0,0,0,0,0,0,0,0,0,0,1
java.lang.NumberFormatException: multiple points
print extradionario!!!!
0.562281,0.480556,0.393939,0.251253,0.390.54027,0.911111,0.363636,0.2398,0.175711,0.639174,0.606299,0.799213,0.728346,0.043078,1,0,0,0,0,0,0,0,0,0,0,0,0,0,0,0,0,0,0,0,0,0,0,0,0,0,0,0,0,0,0,0,1,0,0,0,0,0,0,0,0,0,0,0,20.543272,0.911111,0.363636,0.221188,0.183463,0.635942,0.606299,0.799213,0.728346,0.041126,1,0,0,0,0,0,0,0,0,0,0,0,0,0,0,0,0,0,0,0,0,0,0,0,0,0,0,0,0,0,0,0,1,0,0,0,0,0,0,0,0,0,0,0,2
java.lang.NumberFormatException: multiple points
print extradionario!!!!
0.465733,0.9194440.494247,0.225,0.045455,0.299213,0.30491,0.279191,0.877953,0.92126,0.574803,0.203541,1,0,0,0,0,0,0,0,0,0,0,0,0,0,0,1,0,0,0,0,0,0,0,0,0,0,0,0,0,0,0,0,0,0,0,0,0,0,0,0,0,0,0,0,20.492746,0.286111,0.075758,0.292054,0.301034,0.277224,0.901575,0.917323,0.543307,0.199359,1,0,0,0,0,0,0,0,0,0,0,0,0,0,0,1,0,0,0,0,0,0,0,0,0,0,0,0,0,0,0,0,0,0,0,0,0,0,0,0,0,0,0,0,2
java.lang.NumberFormatException: multiple points
print extradionario!!!!
0.574287,0.805556,0.318182,0.193271,0.324289,0.829001,0.622047,0.913386,0.838583,0.0.461231,0.230556,0.227273,0.107373,0.245478,0.224533,0.944882,0.838583,0.389764,0.282169,1,0,0,0,0,0,0,0,0,0,0,0,0,0,0,0,0,0,0,0,0,0,0,0,0,0,0,0,0,0,0,0,1,0,0,0,0,0,0,0,0,0,0,0,20.457229,0.227778,0.212121,0.09592,0.235142,0.221863,0.940945,0.84252,0.405512,0.281751,1,0,0,0,0,0,0,0,0,0,0,0,0,0,0,0,0,0,0,0,0,0,0,0,0,0,0,0,0,0,0,0,1,0,0,0,0,0,0,0,0,0,0,0,2
java.lang.NumberFormatException: multiple points
print extradionario!!!!
0.468734,0.144444,0.378788,0.2398,0.373385,0.0490.511756,0.136111,0.30303,0.304939,0.470284,0.06084,0.88189,0.76378,0.377953,0.215252,1,0,0,0,0,0,0,0,0,0,0,0,0,0,0,0,0,0,0,0,0,0,0,0,0,0,0,0,0,0,0,0,1,0,0,0,0,0,0,0,0,0,0,0,50.507754,0.158333,0.378788,0.286328,0.471576,0.057328,0.897638,0.700787,0.271654,0.211627,1,0,0,0,0,0,0,0,0,0,0,0,0,0,0,0,0,0,0,0,0,0,0,0,0,0,0,0,0,0,0,0,0,1,0,0,0,0,0,0,0,0,0,0,5
java.lang.NumberFormatException: multiple points
print extradionario!!!!
0.562281,0.252778,0.181818,0.287759,0.369509,0.252635,0.937008,0.87400.667834,0.180556,0.212121,0.021475,0.22739,0.262049,0.917323,0.826772,0.417323,0.293601,1,0,0,0,0,0,0,0,0,0,0,0,0,0,0,0,0,0,0,0,0,0,0,0,0,0,0,0,0,0,0,0,0,0,0,0,0,0,0,0,0,0,1,0,10.664832,0.138889,0.166667,0,0.223514,0.260222,0.885827,0.850394,0.488189,0.289558,1,0,0,0,0,0,0,0,0,0,0,0,0,0,0,0,0,0,0,0,0,0,0,0,0,0,0,0,0,0,0,0,0,0,0,0,0,0,0,0,0,0,1,0,1
java.lang.NumberFormatException: multiple points
print extradionario!!!!
0.576788,0.058333,0.181818,0.198282,0.293282,0.081073,0.834640.515758,0.727778,0.136364,0.328561,0.342377,0.272165,0.779528,0.964567,0.728346,0.12798,0,0,1,0,0,0,0,0,0,0,0,0,0,0,0,0,0,0,0,0,0,0,0,0,0,0,0,0,0,0,0,0,0,0,1,0,0,0,0,0,0,0,0,0,20.51926,0.761111,0.166667,0.333572,0.351421,0.26809,0.748031,0.956693,0.755906,0.132023,0,0,1,0,0,0,0,0,0,0,0,0,0,0,0,0,0,0,0,0,0,0,0,0,0,0,0,0,0,0,0,0,0,0,1,0,0,0,0,0,0,0,0,0,2
java.lang.NumberFormatException: multiple points
learning evaluation instances,Wall Time (Actual Time),Avg Delay (ms),outRate (inst/s),classified instances,classifications correct (percent),Kappa Statistic (percent),Kappa Temporal Statistic (percent),Kappa M Statistic (percent),F1 Score (percent),F1 Score for class 0 (percent),F1 Score for class 1 (percent),F1 Score for class 2 (percent),F1 Score for class 3 (percent),F1 Score for class 4 (percent),F1 Score for class 5 (percent),F1 Score for class 6 (percent),Precision (percent),Precision for class 0 (percent),Precision for class 1 (percent),Precision for class 2 (percent),Precision for class 3 (percent),Precision for class 4 (percent),Precision for class 5 (percent),Precision for class 6 (percent),Recall (percent),Recall for class 0 (percent),Recall for class 1 (percent),Recall for class 2 (percent),Recall for class 3 (percent),Recall for class 4 (percent),Recall for class 5 (percent),Recall for class 6 (percent),model training instances,model serialized size (bytes)
101001.0,120.5989990234375,584.0,837.4945068359375,101000.0,89.94653465346535,81.67451110441637,-41.716678297278506,75.24742820925357,72.15896130668695,?,86.15477515898327,93.19095981694834,88.32931902780818,86.8,75.88777712379832,71.72478793590952,74.99326643128086,0.0,92.39860762567798,89.86838030349953,85.82978723404256,85.26522593320236,84.27015250544663,87.32071141709696,69.53109421886342,0.0,80.70138226040231,96.76865360566903,90.97880018042399,88.39103869653768,69.02212705210565,60.855657736905236,0.0,1.0
