Connected!
[newChuckSize]:0
thread is open, sizeMB500
[newChuckSize]:500
thread is open, sizeMB2000
print extradionario!!!!
0.536768,0.05,0.030303,0.347173,0.20.271136,0,0.454545,0.343593,0.475452,0.155965,0.633858,0.661417,0.519685,0.028022,0,0,0,1,0,0,0,0,0,0,0,0,0,1,0,0,0,0,0,0,0,0,0,0,0,0,0,0,0,0,0,0,0,0,0,0,0,0,0,0,0,0,0,0,30.286643,0.969444,0.318182,0.384395,0.536176,0.18519,0.692913,0.783465,0.625984,0.068033,0,0,0,1,0,0,0,0,0,0,0,0,0,1,0,0,0,0,0,0,0,0,0,0,0,0,0,0,0,0,0,0,0,0,0,0,0,0,0,0,0,0,0,0,3
java.lang.NumberFormatException: multiple points
thread is open, sizeMB2000
[newChuckSize]:2000
thread is open, sizeMB2000
print extradionario!!!!
0.621811,0.097222,0.378788,0.130279,0.306202,0.484474,0.818898,0.69680.588794,0.827778,0.075758,0.279885,0.341085,0.403822,0.814961,0.937008,0.669291,0.234212,0,0,1,0,0,0,0,0,0,0,0,0,0,0,0,0,0,0,0,0,0,0,0,0,0,0,0,0,0,0,0,0,0,0,0,1,0,0,0,0,0,0,0,0,10.667834,0.791667,0.166667,0.490336,0.401809,0.404524,0.748031,0.944882,0.748031,0.012547,0,0,1,0,0,0,0,0,0,0,0,0,0,0,0,0,0,0,0,0,0,0,0,0,0,0,0,0,0,0,0,0,0,0,0,1,0,0,0,0,0,0,0,0,1
java.lang.NumberFormatException: multiple points
print extradionario!!!!
0.7288640.464232,0.163889,0.378788,0.042949,0.251938,0.227062,0.901575,0.704724,0.267717,0.201868,0,0,1,0,0,0,0,0,0,0,0,0,0,0,0,0,0,0,0,0,0,0,0,0,0,0,0,0,0,0,0,0,0,0,0,0,1,0,0,0,0,0,0,0,5
java.lang.NumberFormatException: multiple points
print extradionario!!!!
0.848424,0.088889,0.106061,0.115963,0.303618,0.221301,0.8622050.695348,0.955556,0.121212,0.150322,0.250646,0.58845,0.807087,0.897638,0.637795,0.155305,1,0,0,0,0,0,0,0,0,0,0,0,0,0,0,0,0,0,0,0,0,0,0,0,0,0,0,0,0,0,0,0,0,0,0,0,0,0,0,0,0,0,1,0,10.701351,0.45,0.227273,0.156049,0.271318,0.454405,0.917323,0.956693,0.535433,0.288861,1,0,0,0,0,0,0,0,0,0,0,0,0,0,0,0,0,0,0,0,0,0,0,0,0,0,0,0,0,0,0,0,1,0,0,0,0,0,0,0,0,0,0,0,7
java.lang.NumberFormatException: multiple points
thread is open, sizeMB2000
thread is open, sizeMB2000
print extradionario!!!!
0.609305,0.147222,0.030303,0.51539,0.27907,0.882254,0.870079,0.9210.523762,0,0.136364,0.030064,0.231266,0.63271,0.818898,0.88189,0.606299,0.830336,1,0,0,0,0,0,0,0,0,0,0,0,0,0,0,0,0,0,0,0,0,0,0,1,0,0,0,0,0,0,0,0,0,0,0,0,0,0,0,0,0,0,0,0,20.522261,0.925,0.151515,0.04796,0.232558,0.629198,0.775591,0.897638,0.665354,0.83424,1,0,0,0,0,0,0,0,0,0,0,0,0,0,0,1,0,0,0,0,0,0,0,0,0,0,0,0,0,0,0,0,0,0,0,0,0,0,0,0,0,0,0,0,2
java.lang.NumberFormatException: multiple points
thread is open, sizeMB2000
print extradionario!!!!
0.551776,0.847222,0.272727,0.10.546773,0.15,0.318182,0.156049,0.270026,0.680343,0.893701,0.751969,0.350394,0.508713,1,0,0,0,0,0,0,0,0,0,0,0,0,0,0,0,0,0,0,0,0,0,0,0,0,0,0,0,0,0,0,0,1,0,0,0,0,0,0,0,0,0,0,0,10.531766,0.6,0.090909,0.04796,0.22739,0.716454,0.84252,0.968504,0.661417,0.553325,1,0,0,0,0,0,0,0,0,0,0,0,0,0,0,0,0,0,0,0,0,0,0,0,0,0,0,0,0,0,0,0,1,0,0,0,0,0,0,0,0,0,0,0,2
java.lang.NumberFormatException: multiple points
thread is open, sizeMB2000
print extradionario!!!!
0.607304,0.066667,0.227273,0.20400.414207,0.286111,0.075758,0.021475,0.219638,0.227062,0.901575,0.917323,0.543307,0.192946,1,0,0,0,0,0,0,0,0,0,0,0,0,0,0,0,0,0,0,0,0,0,0,1,0,0,0,0,0,0,0,0,0,0,0,0,0,0,0,0,0,0,0,0,10.414207,0.825,0.015152,0.021475,0.223514,0.225938,0.850394,0.937008,0.629921,0.189321,1,0,0,0,0,0,0,0,0,0,0,0,0,0,0,0,0,0,0,0,0,0,0,1,0,0,0,0,0,0,0,0,0,0,0,0,0,0,0,0,0,0,0,0,1
java.lang.NumberFormatException: multiple points
thread is open, sizeMB2000
thread is open, sizeMB2000
print extradionario!!!!
0.413207,0.497222,0.242424,0.115963,0.245478,0.223409,0.885827,0.976378,0.594488,0.1180.373187,0.361111,0.257576,0.115963,0.27907,0.189687,0.968504,0.893701,0.409449,0.098006,1,0,0,0,0,0,0,0,0,0,0,0,0,0,0,0,0,0,0,0,0,0,0,0,0,0,0,0,0,0,0,0,0,1,0,0,0,0,0,0,0,0,0,0,20.369185,0.344444,0.287879,0.09592,0.268734,0.185471,0.976378,0.877953,0.374016,0.0948,1,0,0,0,0,0,0,0,0,0,0,0,0,0,0,0,0,0,0,0,0,0,0,0,0,0,0,0,0,0,0,0,0,1,0,0,0,0,0,0,0,0,0,0,2
java.lang.NumberFormatException: multiple points
print extradionario!!!!
0.385193,0.886111,0.287879,0.107373,0.293282,0.172966,0.65748,0.862205,0.7480310.522261,0.7,0.030303,0.130279,0.223514,0.678657,0.84252,0.944882,0.645669,0.665691,1,0,0,0,0,0,0,0,0,0,0,1,0,0,0,0,0,0,0,0,0,0,0,0,0,0,0,0,0,0,0,0,0,0,0,0,0,0,0,0,0,0,0,0,20.523762,0.625,0.015152,0.10952,0.223514,0.682731,0.854331,0.940945,0.625984,0.662903,1,0,0,0,0,0,0,0,0,0,0,1,0,0,0,0,0,0,0,0,0,0,0,0,0,0,0,0,0,0,0,0,0,0,0,0,0,0,0,0,0,0,0,0,2
java.lang.NumberFormatException: multiple points
thread is open, sizeMB2000
thread is open, sizeMB2000
print extradionario!!!!
0.60.445723,0.4,0.212121,0.042949,0.237726,0.501616,0.940945,0.929134,0.484252,0.191552,1,0,0,0,0,0,0,0,0,0,0,0,0,0,0,0,0,0,0,0,0,0,0,0,0,0,0,0,0,0,0,0,1,0,0,0,0,0,0,0,0,0,0,0,1
java.lang.NumberFormatException: multiple points
thread is open, sizeMB2000
print extradionario!!!!
0.512256,0.280556,0.030303,0.121680.530265,0.188889,0.060606,0.021475,0.22093,0.51665,0.88189,0.909449,0.559055,0.198662,1,0,0,0,0,0,0,0,0,0,0,0,0,0,0,0,0,0,0,0,0,0,0,0,0,0,0,0,0,0,0,0,0,1,0,0,0,0,0,0,0,0,0,0,20.531766,0.930556,0.136364,0,0.223514,0.513981,0.787402,0.897638,0.65748,0.200892,1,0,0,0,0,0,0,0,0,0,0,0,0,0,0,0,0,0,0,0,0,0,1,0,0,0,0,0,0,0,0,0,0,0,0,0,0,0,0,0,0,0,0,0,2
java.lang.NumberFormatException: multiple points
thread is open, sizeMB2000
thread is open, sizeMB2000
thread is open, sizeMB2000
print extradionario!!!!
0.0.586793,0.972222,0.166667,0.214746,0.191214,0.390192,0.787402,0.870079,0.629921,0.160045,1,0,0,0,0,0,0,0,0,0,0,0,0,0,0,0,0,0,0,0,0,0,0,0,0,0,0,0,0,0,0,0,1,0,0,0,0,0,0,0,0,0,0,0,1
java.lang.NumberFormatException: multiple points
thread is open, sizeMB2000
print extradionario!!!!
0.576288,0.361111,0.106061,0.030064,0.228682,0.405789,0.917323,0.0.526263,0.330556,0.106061,0.077309,0.223514,0.103274,0.917323,0.92126,0.523622,0.280217,1,0,0,0,0,0,0,0,0,0,0,0,0,0,0,0,0,0,0,0,0,0,0,0,0,1,0,0,0,0,0,0,0,0,0,0,0,0,0,0,0,0,0,0,20.524262,0.322222,0.106061,0.09592,0.218346,0.099199,0.917323,0.917323,0.523622,0.276035,1,0,0,0,0,0,0,0,0,0,0,0,0,0,0,0,0,0,0,0,0,0,0,0,0,1,0,0,0,0,0,0,0,0,0,0,0,0,0,0,0,0,0,0,2
java.lang.NumberFormatException: multiple points
thread is open, sizeMB2000
print extradionario!!!!
0.678839,0.644444,0.075758,0.125268,0.249354,0.854855,0.830709,0.0.563282,0.294444,0.151515,0.137437,0.264858,0.119994,0.933071,0.897638,0.480315,0.337237,1,0,0,0,0,0,0,0,0,0,0,0,0,0,0,0,0,0,0,0,0,0,0,0,0,0,0,0,0,0,0,0,1,0,0,0,0,0,0,0,0,0,0,0,20.561281,0.288889,0.136364,0.121689,0.25969,0.11592,0.925197,0.901575,0.496063,0.335146,1,0,0,0,0,0,0,0,0,0,0,0,0,0,0,0,0,0,0,0,0,0,0,0,0,0,0,0,0,0,0,0,1,0,0,0,0,0,0,0,0,0,0,0,2
java.lang.NumberFormatException: multiple points
thread is open, sizeMB2000
thread is open, sizeMB2000
print extradionario!!!!
0.55928,0.311111,0.515152,0.4740.509755,0.988889,0.106061,0,0.223514,0.19601,0.822835,0.893701,0.61811,0.359264,0,0,1,0,0,0,0,0,0,0,0,0,0,0,0,0,0,0,0,0,0,0,0,1,0,0,0,0,0,0,0,0,0,0,0,0,0,0,0,0,0,0,0,0,10.510255,0.983333,0.166667,0,0.223514,0.194604,0.791339,0.866142,0.61811,0.358427,0,0,1,0,0,0,0,0,0,0,0,0,0,0,0,0,0,0,0,0,0,0,0,1,0,0,0,0,0,0,0,0,0,0,0,0,0,0,0,0,0,0,0,0,1
java.lang.NumberFormatException: multiple points
thread is open, sizeMB2000
print extradionario!!!!
0.3856930.462731,0.95,0.333333,0.224052,0.260982,0.140087,0.661417,0.791339,0.661417,0.153492,0,0,1,0,0,0,0,0,0,0,0,0,0,0,0,0,0,0,0,0,0,0,0,0,0,0,0,0,0,0,0,0,0,0,1,0,0,0,0,0,0,0,0,0,2
java.lang.NumberFormatException: multiple points
thread is open, sizeMB2000
print extradionario!!!!
0.235118,0.858333,0.1960.238619,0.338889,0.19697,0.060845,0.255814,0.164395,0.952756,0.901575,0.448819,0.009341,0,0,0,1,0,0,0,0,0,1,0,0,0,0,0,0,0,0,0,0,0,0,0,0,0,0,0,0,0,0,0,0,0,0,0,0,0,0,0,0,0,0,0,0,30.235618,0.336111,0.227273,0.04796,0.24677,0.164395,0.96063,0.893701,0.42126,0.01185,0,0,0,1,0,0,0,0,0,1,0,0,0,0,0,0,0,0,0,0,0,0,0,0,0,0,0,0,0,0,0,0,0,0,0,0,0,0,0,0,0,0,0,0,3
java.lang.NumberFormatException: multiple points
thread is open, sizeMB2000
thread is open, sizeMB2000
thread is open, sizeMB2000
learning evaluation instances,Wall Time (Actual Time),Avg Delay (ms),outRate (inst/s),classified instances,classifications correct (percent),Kappa Statistic (percent),Kappa Temporal Statistic (percent),Kappa M Statistic (percent),F1 Score (percent),F1 Score for class 0 (percent),F1 Score for class 1 (percent),F1 Score for class 2 (percent),F1 Score for class 3 (percent),F1 Score for class 4 (percent),F1 Score for class 5 (percent),F1 Score for class 6 (percent),Precision (percent),Precision for class 0 (percent),Precision for class 1 (percent),Precision for class 2 (percent),Precision for class 3 (percent),Precision for class 4 (percent),Precision for class 5 (percent),Precision for class 6 (percent),Recall (percent),Recall for class 0 (percent),Recall for class 1 (percent),Recall for class 2 (percent),Recall for class 3 (percent),Recall for class 4 (percent),Recall for class 5 (percent),Recall for class 6 (percent),model training instances,model serialized size (bytes)
135001.0,121.68900299072266,1670.0,1109.3935546875,135000.0,90.04296296296296,81.82005038472545,-81.25674217907255,75.90175690211545,69.60276290256306,?,87.01878395182932,93.30180572737964,88.33740168158394,76.57784011220197,70.46657046657046,64.78109259976753,73.34158429123221,0.0,92.28185124517616,90.18921721099015,83.49141245834402,73.91696750902527,84.19540229885058,89.31623931623932,66.22664809938908,0.0,82.32365761838716,96.63691565778343,93.78059314713504,79.43743937924346,60.587262200165426,50.82066869300912,0.0,1.0
