Connected!
[newChuckSize]:0
thread is open, sizeMB500
[newChuckSize]:500
thread is open, sizeMB500
print extradionario!!!!
0.22061,0.938889,0.393939,0.0300640.668334,0.936111,0.227273,0.182534,0.303618,0.18505,0.728346,0.858268,0.673228,0.074028,0,0,1,0,0,0,0,0,0,0,0,0,0,0,0,0,0,0,0,0,0,0,0,0,0,0,0,1,0,0,0,0,0,0,0,0,0,0,0,0,0,0,0,0,10.465233,0.627778,0.30303,0.182534,0.337209,0.107489,0.73622,1,0.779528,0.2844,0,0,1,0,0,0,0,1,0,0,0,0,0,0,0,0,0,0,0,0,0,0,0,0,0,0,0,0,0,0,0,0,0,0,0,0,0,0,0,0,0,0,0,0,5
java.lang.NumberFormatException: multiple points
thread is open, sizeMB500
print extradionario!!!!
0.716358,0.1,0.212121,0.300644,0.386305,0.484052,0.858268,0.818898,0.48420.505253,0.461111,0.136364,0.23622,0.413437,0.256428,0.897638,0.956693,0.582677,0.097588,0,0,1,0,0,0,0,0,0,0,0,0,0,0,0,0,0,0,0,0,0,0,0,0,0,0,0,0,0,0,0,0,0,0,0,1,0,0,0,0,0,0,0,0,50.698849,0.255556,0.393939,0.060845,0.244186,0.319657,0.984252,0.748031,0.208661,0.089502,0,0,1,0,0,0,0,0,0,0,0,0,0,0,0,0,0,0,0,0,0,0,0,0,0,0,0,0,0,0,0,0,0,0,0,0,0,0,0,0,0,0,1,0,7
java.lang.NumberFormatException: multiple points
thread is open, sizeMB500
print extradionario!!!!
0.721361,0.436111,0.515152,0.171797,0.40950.450225,0.147222,0.363636,0.18325,0.325581,0.037656,0.889764,0.716535,0.30315,0.267531,1,0,0,0,0,0,0,0,0,0,0,0,0,0,0,0,0,0,0,0,0,0,0,0,0,0,0,0,0,0,0,0,1,0,0,0,0,0,0,0,0,0,0,0,50.641821,0.25,0.030303,0.060845,0.229974,0.587888,0.874016,0.929134,0.590551,0.228356,1,0,0,0,0,0,0,0,0,0,0,0,0,0,0,0,0,0,0,0,0,0,0,0,0,0,1,0,0,0,0,0,0,0,0,0,0,0,0,0,0,0,0,0,1
java.lang.NumberFormatException: multiple points
thread is open, sizeMB500
thread is open, sizeMB500
print extradionario!!!!
0.363682,0.208333,0.075750.382191,0.083333,0.106061,0.163207,0.241602,0.140087,0.858268,0.889764,0.562992,0.797156,1,0,0,0,0,0,0,0,0,0,0,0,0,0,0,0,0,0,0,0,0,0,0,0,0,0,0,0,0,0,0,0,1,0,0,0,0,0,0,0,0,0,0,0,20.381191,0.908333,0.075758,0.156049,0.239018,0.137277,0.818898,0.92126,0.649606,0.794925,1,0,0,0,0,0,0,0,0,0,0,0,0,0,0,0,0,0,0,0,0,0,0,0,0,0,0,0,0,0,0,0,1,0,0,0,0,0,0,0,0,0,0,0,2
java.lang.NumberFormatException: multiple points
print extradionario!!!!
0.482741,0.50.321661,0.244444,0.106061,0.173228,0.209302,0.139104,0.909449,0.901575,0.515748,0.674474,1,0,0,0,0,0,0,0,0,0,0,0,0,0,0,0,0,0,0,0,0,1,0,0,0,0,0,0,0,0,0,0,0,0,0,0,0,0,0,0,0,0,0,0,20.32066,0.202778,0.106061,0.171797,0.218346,0.134888,0.901575,0.889764,0.515748,0.673219,1,0,0,0,0,0,0,0,0,0,0,0,0,0,0,0,0,0,0,0,0,1,0,0,0,0,0,0,0,0,0,0,0,0,0,0,0,0,0,0,0,0,0,0,2
java.lang.NumberFormatException: multiple points
print extradionario!!!!
0.6008,0.625,0.030303,0.04796,0.219638,0.942391,0.850394,0.0.525263,0.097222,0.19697,0.2398,0.363049,0.650555,0.858268,0.830709,0.496063,0.70612,1,0,0,0,0,0,0,0,0,0,0,0,0,0,0,1,0,0,0,0,0,0,0,0,0,0,0,0,0,0,0,0,0,0,0,0,0,0,0,0,0,0,0,0,20.523762,0.058333,0.212121,0.258411,0.366925,0.64648,0.826772,0.822835,0.523622,0.710163,1,0,0,0,0,0,0,0,0,0,0,0,0,0,0,1,0,0,0,0,0,0,0,0,0,0,0,0,0,0,0,0,0,0,0,0,0,0,0,0,0,0,0,0,2
java.lang.NumberFormatException: multiple points
thread is open, sizeMB500
print extradionario!!!!
0.510755,0,0.045455,0.30.453727,0.463889,0.045455,0.171797,0.23385,0.360124,0.874016,0.944882,0.606299,0.84372,1,0,0,0,0,0,0,0,0,0,0,0,0,0,0,1,0,0,0,0,0,0,0,0,0,0,0,0,0,0,0,0,0,0,0,0,0,0,0,0,0,0,0,0,20.453727,0.411111,0.045455,0.193271,0.23385,0.356751,0.88189,0.940945,0.594488,0.840652,1,0,0,0,0,0,0,0,0,0,0,0,0,0,0,1,0,0,0,0,0,0,0,0,0,0,0,0,0,0,0,0,0,0,0,0,0,0,0,0,0,0,0,0,2
java.lang.NumberFormatException: multiple points
thread is open, sizeMB500
print extradionario!!!!
0.587794,0.5,0.136364,0.258410.651826,0.055556,0.227273,0.339298,0.409561,0.653365,0.818898,0.811024,0.519685,0.292207,1,0,0,0,0,0,0,0,0,0,0,0,0,0,0,0,0,0,0,0,0,0,0,0,0,0,0,0,0,0,0,0,1,0,0,0,0,0,0,0,0,0,0,0,10.650325,0.077778,0.257576,0.327845,0.405685,0.655894,0.826772,0.787402,0.472441,0.29388,1,0,0,0,0,0,0,0,0,0,0,0,0,0,0,0,0,0,0,0,0,0,0,0,0,0,0,0,0,0,0,0,1,0,0,0,0,0,0,0,0,0,0,0,1
java.lang.NumberFormatException: multiple points
thread is open, sizeMB500
print extradionario!!!!
0.54027,0.186111,0.121212,0.279885,0.273902,0.620.546773,0.152778,0.090909,0.077309,0.244186,0.724884,0.88189,0.893701,0.547244,0.410149,1,0,0,0,0,0,0,0,0,0,0,0,0,0,0,0,0,0,0,1,0,0,0,0,0,0,0,0,0,0,0,0,0,0,0,0,0,0,0,0,0,0,0,0,10.545273,0.205556,0.166667,0.068003,0.24031,0.725868,0.917323,0.862205,0.456693,0.411683,1,0,0,0,0,0,0,0,0,0,0,0,0,0,0,0,0,0,0,1,0,0,0,0,0,0,0,0,0,0,0,0,0,0,0,0,0,0,0,0,0,0,0,0,1
java.lang.NumberFormatException: multiple points
print extradionario!!!!
0.692846,0.205556,0.090909,0.490336,0.303618,0.61318,0.890.467734,0.186111,0.151515,0.299213,0.215762,0.250948,0.905512,0.870079,0.484252,0.378782,1,0,0,0,0,0,0,0,0,0,0,0,0,0,0,1,0,0,0,0,0,0,0,0,0,0,0,0,0,0,0,0,0,0,0,0,0,0,0,0,0,0,0,0,20.466233,0.130556,0.121212,0.319256,0.211886,0.247295,0.877953,0.877953,0.531496,0.375157,1,0,0,0,0,0,0,0,0,0,0,0,0,0,0,1,0,0,0,0,0,0,0,0,0,0,0,0,0,0,0,0,0,0,0,0,0,0,0,0,0,0,0,0,2
java.lang.NumberFormatException: multiple points
thread is open, sizeMB500
print extradionario!!!!
0.0.589295,0.094444,0.227273,0.228346,0.303618,0.574259,0.850394,0.807087,0.472441,0.699568,1,0,0,0,0,0,0,0,0,0,0,0,0,0,0,0,0,0,0,0,0,0,0,0,0,0,0,0,0,0,0,0,1,0,0,0,0,0,0,0,0,0,0,0,1
java.lang.NumberFormatException: multiple points
print extradionario!!!!
0.4007,0.136111,0.151515,0.125268,0.22739,0.1980.518759,0.547222,0.090909,0.319256,0.254522,0.504004,0.862205,0.964567,0.637795,0.443608,1,0,0,0,0,0,0,0,0,0,0,0,0,0,0,1,0,0,0,0,0,0,0,0,0,0,0,0,0,0,0,0,0,0,0,0,0,0,0,0,0,0,0,0,20.51976,0.45,0.121212,0.30136,0.329457,0.501054,0.897638,0.952756,0.57874,0.439426,1,0,0,0,0,0,0,0,0,0,0,0,0,0,0,1,0,0,0,0,0,0,0,0,0,0,0,0,0,0,0,0,0,0,0,0,0,0,0,0,0,0,0,0,2
java.lang.NumberFormatException: multiple points
thread is open, sizeMB500
print extradionario!!!!
0.547774,0.044444,0.30303,0.10.541771,0.75,0.136364,0.299213,0.277778,0.77069,0.767717,0.96063,0.73622,0.629165,1,0,0,0,0,0,0,0,0,0,0,0,0,0,0,0,0,0,0,0,0,0,0,0,0,0,0,0,0,0,0,0,1,0,0,0,0,0,0,0,0,0,0,0,20.545273,0.769444,0.166667,0.319256,0.286822,0.774765,0.748031,0.952756,0.751969,0.626656,1,0,0,0,0,0,0,0,0,0,0,0,0,0,0,0,0,0,0,0,0,0,0,0,0,0,0,0,0,0,0,0,1,0,0,0,0,0,0,0,0,0,0,0,2
java.lang.NumberFormatException: multiple points
thread is open, sizeMB500
print extradionario!!!!
0.5380.541771,0.455556,0.151515,0.219041,0.251938,0.682872,0.905512,0.956693,0.570866,0.373066,1,0,0,0,0,0,0,0,0,0,0,0,0,0,0,0,0,0,0,0,0,0,0,0,0,0,0,0,0,0,0,0,0,1,0,0,0,0,0,0,0,0,0,0,2
java.lang.NumberFormatException: multiple points
thread is open, sizeMB500
print extradionario!!!!
0.347174,0.313889,0.10.403702,0.141667,0.151515,0.021475,0.229974,0.068568,0.885827,0.862205,0.5,0.194898,1,0,0,0,0,0,0,0,0,0,0,0,0,0,0,0,0,0,0,0,0,0,0,0,0,0,1,0,0,0,0,0,0,0,0,0,0,0,0,0,0,0,0,0,20.401201,0.152778,0.151515,0,0.223514,0.065899,0.889764,0.862205,0.496063,0.192528,1,0,0,0,0,0,0,0,0,0,0,0,0,0,0,0,0,0,0,0,0,0,0,0,0,0,1,0,0,0,0,0,0,0,0,0,0,0,0,0,0,0,0,0,2
java.lang.NumberFormatException: multiple points
thread is open, sizeMB500
print extradionario!!!!
0.496748,0.986111,0.242424,0.060845,0.249354,0.30.401201,0.391667,0.151515,0.211167,0.224806,0.17114,0.929134,0.933071,0.515748,0.06399,1,0,0,0,0,0,0,0,0,0,0,0,0,0,0,0,0,0,0,0,0,0,0,0,0,0,1,0,0,0,0,0,0,0,0,0,0,0,0,0,0,0,0,0,20.4002,0.438889,0.136364,0.221188,0.178295,0.167065,0.905512,0.952756,0.566929,0.064966,1,0,0,0,0,0,0,0,0,0,0,0,0,0,0,0,0,0,0,0,0,0,0,0,0,0,1,0,0,0,0,0,0,0,0,0,0,0,0,0,0,0,0,0,2
java.lang.NumberFormatException: multiple points
thread is open, sizeMB500
thread is open, sizeMB500
thread is open, sizeMB500
thread is open, sizeMB500
print extradionario!!!!
0.567284,0.0.615808,0.161111,0.045455,0.060845,0.223514,0.561894,0.874016,0.917323,0.57874,0.169525,1,0,0,0,0,0,0,0,0,0,0,0,0,0,0,0,0,0,0,0,0,0,0,0,0,1,0,0,0,0,0,0,0,0,0,0,0,0,0,0,0,0,0,0,10.615308,0.125,0.030303,0.04796,0.223514,0.5581,0.866142,0.92126,0.590551,0.165482,1,0,0,0,0,0,0,0,0,0,0,0,0,0,0,0,0,0,0,0,0,0,0,0,0,1,0,0,0,0,0,0,0,0,0,0,0,0,0,0,0,0,0,0,1
java.lang.NumberFormatException: multiple points
thread is open, sizeMB500
thread is open, sizeMB500
thread is open, sizeMB500
print extradionario!!!!
0.571286,0.216667,0.19697,0.04796,0.239018,0.133062,0.920.583792,0.044444,0.181818,0.365068,0.459948,0.291696,0.822835,0.84252,0.555118,0.397044,0,0,1,0,0,0,0,0,0,0,0,0,0,0,0,0,0,0,0,0,0,0,0,0,0,0,0,0,0,0,0,0,0,0,0,1,0,0,0,0,0,0,0,0,20.582291,0.077778,0.151515,0.355762,0.456072,0.289167,0.850394,0.854331,0.535433,0.399833,0,0,1,0,0,0,0,0,0,0,0,0,0,0,0,0,0,0,0,0,0,0,0,0,0,0,0,0,0,0,0,0,0,0,0,1,0,0,0,0,0,0,0,0,2
java.lang.NumberFormatException: multiple points
thread is open, sizeMB500
thread is open, sizeMB500
thread is open, sizeMB500
print extradionario!!!!
0.682841,0.380556,0.121212,0.344309,0.313953,0.180.554777,0.330556,0.348485,0.324982,0.470284,0.122524,0.992126,0.838583,0.30315,0.116548,1,0,0,0,0,0,0,0,0,0,0,0,0,0,0,0,0,0,0,0,0,0,0,0,0,0,0,0,0,0,0,0,0,1,0,0,0,0,0,0,0,0,0,0,20.549275,0.341667,0.348485,0.322835,0.456072,0.122383,0.988189,0.850394,0.314961,0.112645,1,0,0,0,0,0,0,0,0,0,0,0,0,0,0,0,0,0,0,0,0,0,0,0,0,0,0,0,0,0,0,0,0,1,0,0,0,0,0,0,0,0,0,0,2
java.lang.NumberFormatException: multiple points
learning evaluation instances,Wall Time (Actual Time),Avg Delay (ms),outRate (inst/s),classified instances,classifications correct (percent),Kappa Statistic (percent),Kappa Temporal Statistic (percent),Kappa M Statistic (percent),F1 Score (percent),F1 Score for class 0 (percent),F1 Score for class 1 (percent),F1 Score for class 2 (percent),F1 Score for class 3 (percent),F1 Score for class 4 (percent),F1 Score for class 5 (percent),F1 Score for class 6 (percent),Precision (percent),Precision for class 0 (percent),Precision for class 1 (percent),Precision for class 2 (percent),Precision for class 3 (percent),Precision for class 4 (percent),Precision for class 5 (percent),Precision for class 6 (percent),Recall (percent),Recall for class 0 (percent),Recall for class 1 (percent),Recall for class 2 (percent),Recall for class 3 (percent),Recall for class 4 (percent),Recall for class 5 (percent),Recall for class 6 (percent),model training instances,model serialized size (bytes),ensemble size,change detections,[avg] model training instances,[err] model training instances,[avg] model serialized size (bytes),[err] model serialized size (bytes),[avg] tree size (nodes),[err] tree size (nodes),[avg] tree size (leaves),[err] tree size (leaves),[avg] active learning leaves,[err] active learning leaves,[avg] tree depth,[err] tree depth,[avg] active leaf byte size estimate,[err] active leaf byte size estimate,[avg] inactive leaf byte size estimate,[err] inactive leaf byte size estimate,[avg] byte size estimate overhead,[err] byte size estimate overhead
94501.0,120.07099914550781,623.0,787.0426635742188,94500.0,91.22222222222223,83.07944679789207,-39.99999999999993,76.41858085057996,72.57364441253704,3.703703703703704,88.10296757438033,94.03302299607425,86.13138686131387,86.26560726447218,75.59694364851957,73.65980875108663,71.63832436802744,4.0,91.03034607947595,92.99362007286635,84.51413085559427,82.25108225108225,71.69384057971014,74.98525073746313,73.53371089021537,3.4482758620689653,85.35800185013876,95.0959236656664,87.81174577634755,90.69212410501193,79.94949494949495,72.38041002277905,0.0,1.0,25.0,184.0,122624.44000000002,144159.30963234158,1.0,0.0,58.079999999999984,83.37561593975383,29.520000000000003,41.70243797829251,29.520000000000003,41.70243797829251,5.72,4.605431575867781,0.0,0.0,0.0,0.0,1.0,0.0
